txSize	resTime	storjTime	time_WO_Storj	cpuPerc	memoryPerc	memoryUsed
89371.5 	 6536 	 482 	 6054 	 100.0 	 45.8 	 1.435418624 
89371.5 	 7604 	 1024 	 6580 	 33.3 	 45.8 	 1.43542272 
92750.83333333333 	 7595 	 770 	 6825 	 33.3 	 45.8 	 1.43491072 
92744.83333333333 	 7641 	 537 	 7104 	 33.3 	 45.8 	 1.43491072 
92750.83333333333 	 7621 	 976 	 6645 	 35.7 	 45.8 	 1.43542272 
89371.5 	 7693 	 1223 	 6470 	 10.2 	 45.8 	 1.435582464 
89371.5 	 7635 	 522 	 7113 	 23.8 	 45.8 	 1.43491072 
89371.5 	 6694 	 241 	 6453 	 16.7 	 45.8 	 1.435516928 
89371.5 	 7683 	 878 	 6805 	 14.3 	 45.8 	 1.43491072 
92750.83333333333 	 7699 	 1040 	 6659 	 13.8 	 45.8 	 1.435262976 
92744.83333333333 	 7677 	 838 	 6839 	 5.8 	 45.8 	 1.43491072 
89367.5 	 7633 	 443 	 7190 	 0.6 	 45.7 	 1.434656768 
89371.5 	 6696 	 510 	 6186 	 10.6 	 45.8 	 1.435418624 
89371.5 	 7924 	 177 	 7747 	 15.5 	 45.8 	 1.4360576 
89371.5 	 8932 	 677 	 8255 	 19.0 	 45.8 	 1.435578368 
92744.83333333333 	 7951 	 263 	 7688 	 22.8 	 45.8 	 1.4360576 
92750.83333333333 	 8978 	 732 	 8246 	 33.3 	 45.8 	 1.435578368 
92756.83333333333 	 8998 	 633 	 8365 	 41.7 	 45.8 	 1.435578368 
89371.5 	 7941 	 294 	 7647 	 50.0 	 45.8 	 1.4360576 
92760.83333333333 	 7959 	 301 	 7658 	 33.3 	 45.8 	 1.4360576 
89371.5 	 7995 	 606 	 7389 	 11.1 	 45.8 	 1.4360576 
89367.5 	 8008 	 287 	 7721 	 33.3 	 45.8 	 1.4360576 
92750.83333333333 	 8936 	 509 	 8427 	 20.0 	 45.8 	 1.435578368 
89367.5 	 8972 	 898 	 8074 	 12.5 	 45.8 	 1.435578368 
89367.5 	 8996 	 694 	 8302 	 33.3 	 45.8 	 1.435578368 
89371.5 	 8959 	 664 	 8295 	 100.0 	 45.8 	 1.435578368 
89371.5 	 14929 	 816 	 14113 	 16.9 	 45.8 	 1.436217344 
89367.5 	 14870 	 254 	 14616 	 100.0 	 46.0 	 1.441939456 
89371.5 	 9347 	 153 	 9194 	 33.3 	 46.0 	 1.44263168 
89371.5 	 10364 	 215 	 10149 	 33.3 	 46.0 	 1.441939456 
89371.5 	 9383 	 154 	 9229 	 17.5 	 46.0 	 1.44263168 
92744.83333333333 	 10329 	 630 	 9699 	 20.2 	 46.0 	 1.441939456 
92750.83333333333 	 10385 	 840 	 9545 	 19.5 	 46.0 	 1.441939456 
92744.83333333333 	 10405 	 368 	 10037 	 12.1 	 46.0 	 1.441939456 
92744.83333333333 	 14909 	 411 	 14498 	 33.3 	 46.0 	 1.441939456 
89371.5 	 10370 	 387 	 9983 	 33.3 	 46.0 	 1.441939456 
92756.83333333333 	 14932 	 154 	 14778 	 30.5 	 46.0 	 1.441939456 
92750.83333333333 	 10399 	 856 	 9543 	 33.3 	 46.0 	 1.441939456 
92744.83333333333 	 10471 	 165 	 10306 	 33.3 	 46.0 	 1.441939456 
89371.5 	 15690 	 961 	 14729 	 14.1 	 46.3 	 1.450917888 
89367.5 	 16723 	 383 	 16340 	 17.7 	 46.0 	 1.44263168 
89367.5 	 15757 	 550 	 15207 	 20.0 	 46.0 	 1.443807232 
89367.5 	 14345 	 437 	 13908 	 23.4 	 46.6 	 1.461039104 
89371.5 	 15755 	 388 	 15367 	 28.6 	 46.0 	 1.44263168 
89371.5 	 16725 	 580 	 16145 	 21.1 	 46.0 	 1.443807232 
92750.83333333333 	 16717 	 230 	 16487 	 28.6 	 46.0 	 1.44263168 
89371.5 	 14536 	 720 	 13816 	 40.0 	 46.6 	 1.460891648 
89371.5 	 14401 	 644 	 13757 	 25.0 	 46.6 	 1.460891648 
92756.83333333333 	 15751 	 627 	 15124 	 24.4 	 46.6 	 1.460891648 
89367.5 	 15826 	 435 	 15391 	 30.0 	 46.0 	 1.442791424 
92744.83333333333 	 15770 	 250 	 15520 	 81.0 	 46.6 	 1.460625408 
89371.5 	 15785 	 734 	 15051 	 15.6 	 46.1 	 1.446854656 
89371.5 	 15764 	 221 	 15543 	 26.3 	 46.4 	 1.455054848 
92744.83333333333 	 22753 	 769 	 21984 	 19.6 	 46.6 	 1.460891648 
89371.5 	 22605 	 252 	 22353 	 33.3 	 46.6 	 1.461403648 
92744.83333333333 	 22307 	 624 	 21683 	 25.7 	 46.6 	 1.461649408 
89367.5 	 22346 	 466 	 21880 	 22.2 	 46.6 	 1.461649408 
92744.83333333333 	 22385 	 559 	 21826 	 30.0 	 46.6 	 1.461649408 
89371.5 	 22880 	 612 	 22268 	 100.0 	 46.6 	 1.460891648 
92750.83333333333 	 22328 	 637 	 21691 	 33.3 	 46.6 	 1.461649408 
89371.5 	 22383 	 559 	 21824 	 100.0 	 46.6 	 1.461649408 
89371.5 	 22757 	 478 	 22279 	 33.3 	 46.6 	 1.461649408 
92744.83333333333 	 22966 	 618 	 22348 	 33.3 	 46.6 	 1.460891648 
92744.83333333333 	 22401 	 255 	 22146 	 16.7 	 46.6 	 1.461403648 
89371.5 	 22925 	 834 	 22091 	 25.8 	 46.6 	 1.460891648 
89367.5 	 22779 	 835 	 21944 	 33.3 	 46.6 	 1.460891648 
92744.83333333333 	 25346 	 655 	 24691 	 50.0 	 46.6 	 1.461649408 
92744.83333333333 	 25477 	 169 	 25308 	 23.9 	 46.6 	 1.462423552 
89371.5 	 24551 	 354 	 24197 	 33.3 	 46.6 	 1.462423552 
92750.83333333333 	 24536 	 365 	 24171 	 50.0 	 46.6 	 1.462423552 
89367.5 	 24501 	 336 	 24165 	 12.9 	 46.6 	 1.462386688 
89367.5 	 24554 	 749 	 23805 	 14.9 	 46.6 	 1.462120448 
92744.83333333333 	 24530 	 575 	 23955 	 33.3 	 46.6 	 1.462423552 
89371.5 	 24584 	 592 	 23992 	 24.1 	 46.6 	 1.462423552 
92744.83333333333 	 24598 	 351 	 24247 	 32.1 	 46.6 	 1.462423552 
92744.83333333333 	 24530 	 597 	 23933 	 19.2 	 46.6 	 1.462386688 
89371.5 	 24554 	 353 	 24201 	 28.6 	 46.6 	 1.462423552 
92744.83333333333 	 25576 	 881 	 24695 	 28.2 	 46.6 	 1.461649408 
89367.5 	 25539 	 333 	 25206 	 19.6 	 46.6 	 1.462423552 
89371.5 	 26277 	 424 	 25853 	 22.9 	 46.7 	 1.463271424 
92750.83333333333 	 27245 	 600 	 26645 	 50.0 	 46.6 	 1.462386688 
89367.5 	 26322 	 1045 	 25277 	 26.7 	 46.6 	 1.462386688 
89371.5 	 25341 	 989 	 24352 	 20.1 	 46.7 	 1.463857152 
92744.83333333333 	 26316 	 428 	 25888 	 100.0 	 46.7 	 1.463271424 
89367.5 	 26287 	 431 	 25856 	 100.0 	 46.7 	 1.463271424 
89371.5 	 26330 	 709 	 25621 	 15.8 	 46.6 	 1.462386688 
89371.5 	 26356 	 775 	 25581 	 23.3 	 46.6 	 1.462386688 
92744.83333333333 	 25309 	 200 	 25109 	 33.3 	 46.7 	 1.464393728 
92744.83333333333 	 25370 	 1164 	 24206 	 24.4 	 46.7 	 1.464393728 
92744.83333333333 	 26374 	 981 	 25393 	 12.7 	 46.6 	 1.462386688 
89367.5 	 26317 	 634 	 25683 	 32.1 	 46.7 	 1.463271424 
89371.5 	 26303 	 848 	 25455 	 22.2 	 46.7 	 1.463271424 
92744.83333333333 	 27409 	 559 	 26850 	 33.3 	 46.7 	 1.464393728 
92744.83333333333 	 28383 	 1247 	 27136 	 21.3 	 46.7 	 1.464393728 
89371.5 	 28395 	 755 	 27640 	 33.3 	 46.7 	 1.46470912 
89371.5 	 27519 	 719 	 26800 	 32.7 	 46.7 	 1.46470912 
89371.5 	 28525 	 412 	 28113 	 100.0 	 46.7 	 1.464393728 
89367.5 	 28523 	 647 	 27876 	 11.5 	 46.7 	 1.464393728 
89367.5 	 27566 	 282 	 27284 	 33.3 	 46.7 	 1.464393728 
89371.5 	 27610 	 800 	 26810 	 28.6 	 46.7 	 1.46470912 
92744.83333333333 	 27594 	 854 	 26740 	 25.0 	 46.7 	 1.46470912 
89371.5 	 29568 	 1633 	 27935 	 31.6 	 46.7 	 1.464393728 
92756.83333333333 	 28674 	 1245 	 27429 	 40.0 	 46.7 	 1.464393728 
89371.5 	 28664 	 1313 	 27351 	 100.0 	 46.7 	 1.464393728 
92744.83333333333 	 28743 	 1587 	 27156 	 42.9 	 46.7 	 1.46470912 
89371.5 	 29289 	 354 	 28935 	 19.1 	 46.8 	 1.468407808 
92750.83333333333 	 28413 	 266 	 28147 	 100.0 	 46.8 	 1.469157376 
92760.83333333333 	 30373 	 192 	 30181 	 26.6 	 46.7 	 1.465233408 
92750.83333333333 	 30350 	 379 	 29971 	 33.3 	 46.8 	 1.468092416 
89367.5 	 29418 	 167 	 29251 	 17.7 	 46.8 	 1.468407808 
89371.5 	 29451 	 515 	 28936 	 33.3 	 46.8 	 1.468407808 
92744.83333333333 	 30402 	 191 	 30211 	 39.3 	 46.8 	 1.468092416 
92744.83333333333 	 29450 	 720 	 28730 	 22.4 	 46.8 	 1.469157376 
89371.5 	 28489 	 331 	 28158 	 21.4 	 46.8 	 1.469157376 
89367.5 	 29472 	 512 	 28960 	 30.0 	 46.8 	 1.468997632 
89371.5 	 30462 	 352 	 30110 	 33.3 	 46.8 	 1.468092416 
92756.83333333333 	 29614 	 186 	 29428 	 33.3 	 46.8 	 1.468092416 
89371.5 	 30623 	 859 	 29764 	 100.0 	 46.7 	 1.46470912 
92756.83333333333 	 34714 	 286 	 34428 	 21.1 	 46.9 	 1.47161088 
92744.83333333333 	 35733 	 496 	 35237 	 33.3 	 46.9 	 1.46941952 
89371.5 	 34774 	 467 	 34307 	 25.0 	 46.9 	 1.46941952 
92750.83333333333 	 34746 	 896 	 33850 	 32.8 	 46.9 	 1.47161088 
92744.83333333333 	 35720 	 704 	 35016 	 39.1 	 46.9 	 1.471451136 
92744.83333333333 	 33816 	 485 	 33331 	 33.3 	 46.9 	 1.471680512 
92744.83333333333 	 33810 	 445 	 33365 	 20.9 	 46.9 	 1.471680512 
92756.83333333333 	 34746 	 596 	 34150 	 23.9 	 46.9 	 1.471680512 
89367.5 	 34799 	 663 	 34136 	 100.0 	 46.9 	 1.47161088 
92744.83333333333 	 34795 	 405 	 34390 	 33.3 	 46.9 	 1.46941952 
89367.5 	 35823 	 987 	 34836 	 35.0 	 46.9 	 1.46941952 
89371.5 	 35778 	 695 	 35083 	 100.0 	 46.9 	 1.47161088 
89371.5 	 34863 	 457 	 34406 	 60.0 	 46.9 	 1.46941952 
89371.5 	 43376 	 660 	 42716 	 33.3 	 46.9 	 1.471680512 
92750.83333333333 	 42456 	 595 	 41861 	 50.0 	 46.9 	 1.471680512 
92744.83333333333 	 42368 	 900 	 41468 	 100.0 	 47.0 	 1.475166208 
89367.5 	 42396 	 864 	 41532 	 57.6 	 47.0 	 1.473896448 
92744.83333333333 	 42389 	 619 	 41770 	 30.0 	 46.9 	 1.471942656 
89371.5 	 42431 	 566 	 41865 	 33.3 	 46.9 	 1.471909888 
92744.83333333333 	 41487 	 756 	 40731 	 50.0 	 46.9 	 1.471942656 
89371.5 	 41462 	 539 	 40923 	 32.4 	 46.9 	 1.471909888 
92744.83333333333 	 42469 	 811 	 41658 	 24.1 	 46.9 	 1.471680512 
89371.5 	 42462 	 385 	 42077 	 21.6 	 46.9 	 1.471909888 
89367.5 	 42446 	 631 	 41815 	 30.0 	 46.9 	 1.471942656 
89371.5 	 41488 	 366 	 41122 	 33.3 	 46.9 	 1.471909888 
92750.83333333333 	 41504 	 374 	 41130 	 100.0 	 46.9 	 1.471909888 
92750.83333333333 	 48293 	 335 	 47958 	 27.1 	 47.2 	 1.47965952 
92750.83333333333 	 47373 	 412 	 46961 	 25.0 	 47.2 	 1.47965952 
92756.83333333333 	 47357 	 365 	 46992 	 25.4 	 47.0 	 1.47470336 
92744.83333333333 	 48324 	 219 	 48105 	 75.5 	 47.2 	 1.479483392 
89367.5 	 47317 	 663 	 46654 	 22.8 	 47.0 	 1.47470336 
92750.83333333333 	 47353 	 370 	 46983 	 33.3 	 47.0 	 1.47470336 
92760.83333333333 	 48359 	 575 	 47784 	 33.3 	 47.2 	 1.47965952 
89371.5 	 48360 	 256 	 48104 	 33.3 	 47.2 	 1.479483392 
89371.5 	 48332 	 537 	 47795 	 27.3 	 47.2 	 1.47965952 
89367.5 	 47357 	 549 	 46808 	 24.6 	 47.0 	 1.47470336 
89367.5 	 47412 	 170 	 47242 	 22.7 	 47.2 	 1.479856128 
92744.83333333333 	 47394 	 166 	 47228 	 100.0 	 47.2 	 1.479856128 
89371.5 	 48341 	 783 	 47558 	 20.5 	 47.2 	 1.479704576 
92750.83333333333 	 49346 	 663 	 48683 	 100.0 	 47.1 	 1.475489792 
92750.83333333333 	 50370 	 742 	 49628 	 17.6 	 47.0 	 1.47470336 
92750.83333333333 	 49368 	 509 	 48859 	 25.4 	 47.1 	 1.475489792 
89367.5 	 49391 	 542 	 48849 	 33.3 	 47.1 	 1.475489792 
92744.83333333333 	 50354 	 840 	 49514 	 33.3 	 47.0 	 1.47464192 
89371.5 	 49427 	 388 	 49039 	 100.0 	 47.1 	 1.475506176 
92750.83333333333 	 49372 	 599 	 48773 	 33.3 	 47.1 	 1.475489792 
92750.83333333333 	 50366 	 833 	 49533 	 28.6 	 47.0 	 1.47464192 
89371.5 	 49441 	 543 	 48898 	 43.5 	 47.1 	 1.475489792 
92760.83333333333 	 49414 	 169 	 49245 	 40.0 	 47.1 	 1.475506176 
92750.83333333333 	 49441 	 582 	 48859 	 30.6 	 47.1 	 1.475489792 
89371.5 	 48461 	 318 	 48143 	 33.3 	 47.1 	 1.475489792 
89367.5 	 49480 	 205 	 49275 	 20.8 	 47.0 	 1.474998272 
92744.83333333333 	 51275 	 403 	 50872 	 27.3 	 47.1 	 1.476247552 
92744.83333333333 	 51304 	 310 	 50994 	 100.0 	 47.1 	 1.476083712 
92756.83333333333 	 51250 	 593 	 50657 	 33.3 	 47.1 	 1.476247552 
92750.83333333333 	 51323 	 305 	 51018 	 33.3 	 47.1 	 1.476083712 
92744.83333333333 	 51276 	 214 	 51062 	 23.0 	 47.1 	 1.476083712 
92744.83333333333 	 50351 	 592 	 49759 	 33.3 	 47.1 	 1.476247552 
92744.83333333333 	 52269 	 747 	 51522 	 25.9 	 47.1 	 1.475489792 
89367.5 	 51325 	 417 	 50908 	 100.0 	 47.1 	 1.476247552 
89371.5 	 50337 	 221 	 50116 	 24.3 	 47.1 	 1.476861952 
89367.5 	 51373 	 751 	 50622 	 25.9 	 47.1 	 1.475489792 
89371.5 	 51301 	 800 	 50501 	 26.3 	 47.1 	 1.47632128 
89371.5 	 51326 	 597 	 50729 	 50.0 	 47.1 	 1.476247552 
89371.5 	 50380 	 590 	 49790 	 26.0 	 47.1 	 1.476247552 
92750.83333333333 	 56359 	 396 	 55963 	 33.3 	 47.1 	 1.477726208 
89371.5 	 56314 	 510 	 55804 	 100.0 	 47.1 	 1.477726208 
89371.5 	 56405 	 636 	 55769 	 27.3 	 47.1 	 1.477500928 
89371.5 	 56435 	 460 	 55975 	 35.0 	 47.1 	 1.477726208 
89371.5 	 57367 	 604 	 56763 	 33.0 	 47.1 	 1.477500928 
89371.5 	 57462 	 644 	 56818 	 33.3 	 47.1 	 1.477500928 
89371.5 	 57492 	 413 	 57079 	 33.3 	 47.1 	 1.477165056 
89367.5 	 57508 	 402 	 57106 	 27.6 	 47.1 	 1.477165056 
89367.5 	 57490 	 602 	 56888 	 23.5 	 47.1 	 1.477500928 
89371.5 	 57584 	 222 	 57362 	 100.0 	 47.1 	 1.476861952 
92744.83333333333 	 57619 	 225 	 57394 	 33.3 	 47.1 	 1.476861952 
92756.83333333333 	 56617 	 487 	 56130 	 34.6 	 47.1 	 1.477500928 
89371.5 	 56634 	 643 	 55991 	 100.0 	 47.1 	 1.477726208 
89371.5 	 56612 	 504 	 56108 	 100.0 	 47.1 	 1.477726208 
92744.83333333333 	 60377 	 584 	 59793 	 38.0 	 47.1 	 1.478447104 
89367.5 	 61476 	 604 	 60872 	 66.7 	 47.1 	 1.477726208 
89371.5 	 61399 	 563 	 60836 	 33.3 	 47.1 	 1.477582848 
92750.83333333333 	 61416 	 568 	 60848 	 31.8 	 47.1 	 1.477582848 
89371.5 	 61457 	 838 	 60619 	 33.3 	 47.1 	 1.477582848 
92744.83333333333 	 60506 	 193 	 60313 	 28.0 	 47.1 	 1.478447104 
89371.5 	 59494 	 393 	 59101 	 23.9 	 47.1 	 1.47832832 
89367.5 	 61510 	 605 	 60905 	 27.4 	 47.1 	 1.477582848 
92744.83333333333 	 60679 	 796 	 59883 	 42.9 	 47.1 	 1.478406144 
92756.83333333333 	 61827 	 417 	 61410 	 33.3 	 47.1 	 1.477582848 
89371.5 	 61863 	 421 	 61442 	 66.7 	 47.1 	 1.477582848 
92744.83333333333 	 61097 	 202 	 60895 	 33.3 	 47.1 	 1.478447104 
92744.83333333333 	 62096 	 807 	 61289 	 32.3 	 47.1 	 1.477582848 
92750.83333333333 	 61072 	 380 	 60692 	 33.7 	 47.1 	 1.478447104 
89367.5 	 63072 	 696 	 62376 	 50.0 	 47.1 	 1.477607424 
92756.83333333333 	 60164 	 353 	 59811 	 28.8 	 47.1 	 1.478156288 
92744.83333333333 	 61354 	 403 	 60951 	 28.1 	 47.1 	 1.478447104 
89367.5 	 62402 	 413 	 61989 	 23.1 	 47.1 	 1.477582848 
92744.83333333333 	 61400 	 981 	 60419 	 30.0 	 47.1 	 1.478406144 
89371.5 	 63413 	 636 	 62777 	 100.0 	 47.1 	 1.477726208 
89371.5 	 61436 	 591 	 60845 	 100.0 	 47.1 	 1.478447104 
89371.5 	 62003 	 603 	 61400 	 33.3 	 47.1 	 1.478447104 
89367.5 	 63010 	 606 	 62404 	 25.0 	 47.1 	 1.477582848 
89367.5 	 64420 	 687 	 63733 	 36.4 	 47.1 	 1.477607424 
92766.83333333333 	 61441 	 182 	 61259 	 27.3 	 47.1 	 1.47832832 
92750.83333333333 	 62507 	 397 	 62110 	 50.0 	 47.1 	 1.478447104 
92750.83333333333 	 61532 	 178 	 61354 	 21.4 	 47.1 	 1.478156288 
92744.83333333333 	 62649 	 263 	 62386 	 27.6 	 47.2 	 1.478586368 
92744.83333333333 	 62749 	 577 	 62172 	 33.3 	 47.2 	 1.480015872 
92744.83333333333 	 62914 	 571 	 62343 	 33.3 	 47.2 	 1.480015872 
89371.5 	 63908 	 420 	 63488 	 100.0 	 47.1 	 1.47832832 
92744.83333333333 	 63991 	 877 	 63114 	 25.3 	 47.1 	 1.47832832 
89371.5 	 64104 	 181 	 63923 	 33.3 	 47.2 	 1.478733824 
89371.5 	 64127 	 815 	 63312 	 30.7 	 47.2 	 1.478733824 
92756.83333333333 	 63163 	 578 	 62585 	 75.0 	 47.2 	 1.480015872 
92744.83333333333 	 64212 	 638 	 63574 	 33.3 	 47.1 	 1.47832832 
89371.5 	 63530 	 180 	 63350 	 23.5 	 47.2 	 1.478733824 
92744.83333333333 	 68571 	 595 	 67976 	 33.3 	 47.1 	 1.47832832 
92744.83333333333 	 67880 	 404 	 67476 	 28.6 	 47.2 	 1.478586368 
89367.5 	 67905 	 561 	 67344 	 41.0 	 47.2 	 1.480015872 
92750.83333333333 	 65912 	 412 	 65500 	 33.3 	 47.2 	 1.480986624 
89371.5 	 67850 	 705 	 67145 	 21.4 	 47.2 	 1.480986624 
92750.83333333333 	 66942 	 595 	 66347 	 50.0 	 47.2 	 1.480986624 
92744.83333333333 	 66923 	 732 	 66191 	 37.5 	 47.2 	 1.480986624 
89367.5 	 66971 	 639 	 66332 	 25.0 	 47.2 	 1.480986624 
89367.5 	 66993 	 235 	 66758 	 32.2 	 47.2 	 1.480986624 
89367.5 	 67685 	 237 	 67448 	 41.2 	 47.2 	 1.480474624 
89371.5 	 68645 	 578 	 68067 	 33.3 	 47.2 	 1.480986624 
89371.5 	 67659 	 303 	 67356 	 40.0 	 47.2 	 1.480986624 
89367.5 	 67804 	 653 	 67151 	 25.0 	 47.2 	 1.480986624 
89367.5 	 67837 	 621 	 67216 	 50.0 	 47.2 	 1.480986624 
92750.83333333333 	 67880 	 234 	 67646 	 37.9 	 47.2 	 1.480986624 
92756.83333333333 	 68852 	 575 	 68277 	 30.8 	 47.2 	 1.480015872 
92744.83333333333 	 68892 	 717 	 68175 	 35.0 	 47.2 	 1.481105408 
89371.5 	 68853 	 473 	 68380 	 33.3 	 47.3 	 1.482084352 
89371.5 	 68899 	 636 	 68263 	 30.4 	 47.2 	 1.48119552 
89371.5 	 69835 	 701 	 69134 	 50.0 	 47.2 	 1.48119552 
92760.83333333333 	 68833 	 353 	 68480 	 35.1 	 47.3 	 1.482084352 
92750.83333333333 	 67891 	 450 	 67441 	 26.9 	 47.3 	 1.482579968 
92744.83333333333 	 68865 	 749 	 68116 	 35.7 	 47.3 	 1.482084352 
89367.5 	 68920 	 646 	 68274 	 50.0 	 47.2 	 1.48119552 
89367.5 	 68918 	 829 	 68089 	 33.3 	 47.3 	 1.482084352 
92756.83333333333 	 68883 	 373 	 68510 	 33.3 	 47.3 	 1.482084352 
89371.5 	 67964 	 544 	 67420 	 50.0 	 47.3 	 1.482084352 
92744.83333333333 	 68910 	 241 	 68669 	 44.9 	 47.3 	 1.482084352 
92744.83333333333 	 67882 	 418 	 67464 	 33.3 	 47.3 	 1.482579968 
92744.83333333333 	 73172 	 671 	 72501 	 42.7 	 47.3 	 1.484382208 
89367.5 	 73225 	 538 	 72687 	 33.3 	 47.3 	 1.484382208 
92744.83333333333 	 73217 	 436 	 72781 	 33.3 	 47.3 	 1.483169792 
89367.5 	 74260 	 1104 	 73156 	 33.3 	 47.3 	 1.482579968 
89367.5 	 74212 	 863 	 73349 	 23.1 	 47.3 	 1.482579968 
89367.5 	 73245 	 646 	 72599 	 28.6 	 47.3 	 1.484382208 
92744.83333333333 	 74277 	 1207 	 73070 	 33.3 	 47.3 	 1.48297728 
89367.5 	 74260 	 476 	 73784 	 31.2 	 47.3 	 1.482579968 
89367.5 	 74243 	 666 	 73577 	 42.9 	 47.3 	 1.482579968 
89367.5 	 74214 	 1068 	 73146 	 27.7 	 47.3 	 1.482579968 
92750.83333333333 	 73226 	 282 	 72944 	 26.4 	 47.3 	 1.483169792 
89371.5 	 73271 	 204 	 73067 	 26.9 	 47.3 	 1.48297728 
89371.5 	 73306 	 861 	 72445 	 100.0 	 47.3 	 1.482579968 
89367.5 	 74246 	 1291 	 72955 	 29.6 	 47.3 	 1.48297728 
92750.83333333333 	 74405 	 247 	 74158 	 27.2 	 47.3 	 1.484832768 
92760.83333333333 	 75426 	 226 	 75200 	 29.4 	 47.3 	 1.484382208 
92744.83333333333 	 76434 	 753 	 75681 	 25.0 	 47.3 	 1.484382208 
89367.5 	 75449 	 545 	 74904 	 33.3 	 47.3 	 1.484382208 
89367.5 	 75407 	 555 	 74852 	 25.0 	 47.3 	 1.484382208 
92750.83333333333 	 76375 	 750 	 75625 	 50.0 	 47.3 	 1.484382208 
89371.5 	 75444 	 170 	 75274 	 50.0 	 47.3 	 1.484382208 
89371.5 	 75408 	 217 	 75191 	 30.8 	 47.3 	 1.484382208 
92744.83333333333 	 75431 	 472 	 74959 	 33.3 	 47.3 	 1.484382208 
89371.5 	 75444 	 411 	 75033 	 33.3 	 47.3 	 1.484382208 
92750.83333333333 	 75406 	 242 	 75164 	 33.3 	 47.3 	 1.484382208 
92750.83333333333 	 76478 	 880 	 75598 	 31.2 	 47.3 	 1.484382208 
89371.5 	 75505 	 573 	 74932 	 33.3 	 47.3 	 1.484382208 
92756.83333333333 	 77198 	 456 	 76742 	 27.0 	 47.3 	 1.484832768 
92744.83333333333 	 77162 	 950 	 76212 	 100.0 	 47.4 	 1.485324288 
92750.83333333333 	 77244 	 253 	 76991 	 27.1 	 47.3 	 1.484832768 
89371.5 	 77236 	 463 	 76773 	 100.0 	 47.3 	 1.484832768 
92744.83333333333 	 77228 	 794 	 76434 	 50.0 	 47.4 	 1.485324288 
89371.5 	 77212 	 703 	 76509 	 33.3 	 47.4 	 1.485324288 
92744.83333333333 	 77264 	 711 	 76553 	 25.7 	 47.4 	 1.485324288 
92744.83333333333 	 77195 	 226 	 76969 	 26.6 	 47.4 	 1.485369344 
89367.5 	 77244 	 802 	 76442 	 62.0 	 47.4 	 1.485324288 
92744.83333333333 	 78228 	 251 	 77977 	 33.3 	 47.3 	 1.484832768 
92750.83333333333 	 7312 	 272 	 7040 	 11.5 	 47.1 	 1.476145152 
89367.5 	 8306 	 590 	 7716 	 38.5 	 47.1 	 1.475985408 
89371.5 	 8320 	 348 	 7972 	 7.7 	 47.1 	 1.475817472 
89367.5 	 8281 	 605 	 7676 	 28.6 	 47.1 	 1.475985408 
89367.5 	 7304 	 372 	 6932 	 88.9 	 47.1 	 1.476145152 
89367.5 	 8316 	 612 	 7704 	 33.3 	 47.1 	 1.475985408 
92744.83333333333 	 7337 	 342 	 6995 	 47.2 	 47.1 	 1.476145152 
89371.5 	 8351 	 604 	 7747 	 7.5 	 47.1 	 1.475936256 
92756.83333333333 	 8446 	 174 	 8272 	 13.1 	 47.1 	 1.475817472 
92750.83333333333 	 8408 	 174 	 8234 	 50.0 	 47.1 	 1.475817472 
89371.5 	 8428 	 696 	 7732 	 66.7 	 47.1 	 1.475985408 
89367.5 	 8450 	 851 	 7599 	 11.7 	 47.1 	 1.475985408 
92744.83333333333 	 8453 	 345 	 8108 	 5.5 	 47.1 	 1.475817472 
92744.83333333333 	 8297 	 568 	 7729 	 33.3 	 47.1 	 1.476222976 
89367.5 	 8398 	 579 	 7819 	 33.3 	 47.1 	 1.476222976 
92750.83333333333 	 7349 	 281 	 7068 	 11.4 	 47.1 	 1.476911104 
92744.83333333333 	 7415 	 467 	 6948 	 40.0 	 47.1 	 1.477435392 
89371.5 	 7460 	 377 	 7083 	 17.4 	 47.1 	 1.476911104 
92744.83333333333 	 8443 	 559 	 7884 	 33.3 	 47.1 	 1.476222976 
89371.5 	 8406 	 553 	 7853 	 29.6 	 47.1 	 1.476222976 
92760.83333333333 	 7483 	 507 	 6976 	 33.3 	 47.1 	 1.477435392 
89371.5 	 8443 	 606 	 7837 	 33.3 	 47.1 	 1.476222976 
92750.83333333333 	 8461 	 621 	 7840 	 33.3 	 47.1 	 1.476222976 
89371.5 	 8512 	 472 	 8040 	 37.0 	 47.1 	 1.476145152 
92744.83333333333 	 7480 	 456 	 7024 	 50.0 	 47.1 	 1.477435392 
89371.5 	 7436 	 437 	 6999 	 21.2 	 47.1 	 1.477435392 
89371.5 	 11769 	 618 	 11151 	 50.0 	 47.6 	 1.49315584 
89367.5 	 12112 	 614 	 11498 	 100.0 	 47.6 	 1.49315584 
89367.5 	 13107 	 541 	 12566 	 33.3 	 47.1 	 1.477435392 
92760.83333333333 	 13433 	 598 	 12835 	 36.4 	 47.1 	 1.477435392 
89371.5 	 12456 	 587 	 11869 	 33.3 	 47.6 	 1.49315584 
89367.5 	 12790 	 617 	 12173 	 20.6 	 47.6 	 1.492901888 
89371.5 	 12582 	 373 	 12209 	 18.5 	 47.6 	 1.494052864 
92750.83333333333 	 14701 	 553 	 14148 	 33.3 	 47.1 	 1.477435392 
89367.5 	 12497 	 519 	 11978 	 23.5 	 47.6 	 1.494052864 
89371.5 	 14701 	 593 	 14108 	 33.3 	 47.6 	 1.49315584 
89367.5 	 14778 	 209 	 14569 	 29.4 	 47.6 	 1.494052864 
89371.5 	 15722 	 607 	 15115 	 33.3 	 47.6 	 1.49315584 
89371.5 	 14768 	 399 	 14369 	 29.6 	 47.6 	 1.494052864 
89371.5 	 14842 	 237 	 14605 	 33.3 	 47.6 	 1.494052864 
92744.83333333333 	 14841 	 628 	 14213 	 15.2 	 47.6 	 1.494052864 
92756.83333333333 	 16950 	 535 	 16415 	 30.8 	 47.1 	 1.477435392 
89367.5 	 16082 	 597 	 15485 	 100.0 	 47.6 	 1.492901888 
92744.83333333333 	 15069 	 431 	 14638 	 33.3 	 47.6 	 1.494052864 
89371.5 	 15085 	 417 	 14668 	 44.4 	 47.6 	 1.494052864 
89371.5 	 16122 	 709 	 15413 	 33.3 	 47.6 	 1.49315584 
89367.5 	 16181 	 608 	 15573 	 31.8 	 47.6 	 1.49315584 
92750.83333333333 	 15747 	 199 	 15548 	 33.3 	 47.6 	 1.494052864 
92750.83333333333 	 16856 	 602 	 16254 	 33.3 	 47.6 	 1.49315584 
92744.83333333333 	 14975 	 192 	 14783 	 50.0 	 47.7 	 1.494437888 
89371.5 	 15121 	 153 	 14968 	 15.5 	 47.7 	 1.494437888 
92744.83333333333 	 16152 	 276 	 15876 	 16.9 	 47.6 	 1.494052864 
89371.5 	 14284 	 317 	 13967 	 40.0 	 47.8 	 1.499959296 
89371.5 	 15300 	 298 	 15002 	 12.0 	 47.7 	 1.494659072 
92744.83333333333 	 14336 	 289 	 14047 	 33.3 	 47.8 	 1.500213248 
92744.83333333333 	 15355 	 181 	 15174 	 29.0 	 47.7 	 1.494437888 
92744.83333333333 	 15304 	 660 	 14644 	 21.3 	 47.7 	 1.494659072 
92750.83333333333 	 14430 	 256 	 14174 	 89.7 	 47.8 	 1.499799552 
92744.83333333333 	 14405 	 563 	 13842 	 27.3 	 47.8 	 1.500213248 
89371.5 	 15448 	 432 	 15016 	 21.1 	 47.7 	 1.494659072 
89367.5 	 14490 	 197 	 14293 	 24.8 	 47.7 	 1.494769664 
89371.5 	 15770 	 521 	 15249 	 28.3 	 47.7 	 1.494659072 
92756.83333333333 	 14807 	 456 	 14351 	 19.0 	 47.8 	 1.500213248 
92750.83333333333 	 15727 	 533 	 15194 	 17.6 	 47.8 	 1.500213248 
89371.5 	 15766 	 435 	 15331 	 33.3 	 47.7 	 1.494659072 
89371.5 	 15775 	 524 	 15251 	 33.3 	 47.7 	 1.494659072 
89371.5 	 15560 	 191 	 15369 	 27.8 	 47.8 	 1.50044672 
92750.83333333333 	 13632 	 514 	 13118 	 27.3 	 47.9 	 1.500737536 
92744.83333333333 	 14561 	 177 	 14384 	 17.8 	 47.8 	 1.500495872 
92766.83333333333 	 15974 	 592 	 15382 	 33.3 	 47.8 	 1.500213248 
89367.5 	 14930 	 483 	 14447 	 28.6 	 47.9 	 1.500737536 
89367.5 	 16267 	 684 	 15583 	 33.3 	 47.8 	 1.50044672 
89371.5 	 15055 	 309 	 14746 	 21.7 	 47.8 	 1.500495872 
89371.5 	 15069 	 422 	 14647 	 25.0 	 47.8 	 1.500495872 
92766.83333333333 	 15216 	 198 	 15018 	 44.4 	 47.8 	 1.50044672 
92750.83333333333 	 15875 	 271 	 15604 	 34.6 	 47.8 	 1.50044672 
89367.5 	 19129 	 201 	 18928 	 33.3 	 47.8 	 1.500495872 
92744.83333333333 	 19386 	 154 	 19232 	 29.5 	 47.8 	 1.50044672 
89367.5 	 20418 	 684 	 19734 	 24.4 	 47.8 	 1.50044672 
89371.5 	 20177 	 778 	 19399 	 50.0 	 47.9 	 1.500782592 
89371.5 	 19128 	 498 	 18630 	 33.3 	 47.9 	 1.501507584 
92756.83333333333 	 19842 	 445 	 19397 	 33.3 	 47.9 	 1.501507584 
89371.5 	 20843 	 749 	 20094 	 54.0 	 47.9 	 1.500782592 
89371.5 	 19826 	 441 	 19385 	 33.3 	 47.9 	 1.501507584 
89367.5 	 20040 	 579 	 19461 	 33.3 	 47.9 	 1.500782592 
92750.83333333333 	 19213 	 607 	 18606 	 25.0 	 47.9 	 1.501507584 
89371.5 	 20064 	 587 	 19477 	 40.0 	 47.9 	 1.500782592 
89367.5 	 20865 	 693 	 20172 	 15.7 	 47.9 	 1.500782592 
92744.83333333333 	 20040 	 442 	 19598 	 36.4 	 47.9 	 1.501507584 
89371.5 	 20078 	 514 	 19564 	 16.7 	 47.9 	 1.500782592 
89371.5 	 19836 	 559 	 19277 	 100.0 	 47.9 	 1.501507584 
89367.5 	 19234 	 519 	 18715 	 31.2 	 47.9 	 1.501507584 
89367.5 	 19962 	 371 	 19591 	 15.7 	 47.9 	 1.501519872 
92744.83333333333 	 27744 	 659 	 27085 	 33.3 	 47.9 	 1.501507584 
89371.5 	 27728 	 506 	 27222 	 31.9 	 48.9 	 1.532780544 
89367.5 	 27681 	 569 	 27112 	 72.6 	 49.1 	 1.53954304 
89371.5 	 27709 	 696 	 27013 	 100.0 	 48.6 	 1.522860032 
89367.5 	 25685 	 674 	 25011 	 65.3 	 48.9 	 1.532207104 
92744.83333333333 	 25755 	 648 	 25107 	 59.5 	 48.6 	 1.52387584 
92744.83333333333 	 26799 	 1483 	 25316 	 100.0 	 48.6 	 1.522860032 
92750.83333333333 	 26821 	 438 	 26383 	 65.2 	 48.5 	 1.52223744 
89367.5 	 26820 	 1040 	 25780 	 50.0 	 48.6 	 1.522860032 
92744.83333333333 	 27810 	 753 	 27057 	 22.0 	 47.9 	 1.501507584 
92750.83333333333 	 27736 	 697 	 27039 	 27.3 	 49.1 	 1.53954304 
89371.5 	 27758 	 722 	 27036 	 57.1 	 48.6 	 1.522860032 
89371.5 	 26817 	 1063 	 25754 	 57.6 	 48.6 	 1.522860032 
92750.83333333333 	 29240 	 762 	 28478 	 33.3 	 49.1 	 1.540050944 
89371.5 	 31307 	 890 	 30417 	 33.3 	 49.1 	 1.540050944 
89371.5 	 30250 	 1179 	 29071 	 35.7 	 49.1 	 1.540050944 
92744.83333333333 	 30238 	 1206 	 29032 	 33.3 	 49.1 	 1.540050944 
92744.83333333333 	 33277 	 1229 	 32048 	 33.3 	 49.1 	 1.540050944 
92744.83333333333 	 30278 	 722 	 29556 	 40.0 	 49.1 	 1.540050944 
89367.5 	 32312 	 400 	 31912 	 40.0 	 49.1 	 1.540050944 
89367.5 	 30349 	 678 	 29671 	 33.3 	 49.1 	 1.539796992 
92744.83333333333 	 32276 	 550 	 31726 	 33.3 	 49.1 	 1.539796992 
89367.5 	 31327 	 974 	 30353 	 60.0 	 49.1 	 1.540050944 
92756.83333333333 	 33322 	 1507 	 31815 	 20.0 	 49.1 	 1.539796992 
89371.5 	 32388 	 422 	 31966 	 30.0 	 49.1 	 1.539796992 
89367.5 	 32349 	 427 	 31922 	 40.0 	 49.1 	 1.539796992 
92744.83333333333 	 34320 	 979 	 33341 	 33.3 	 49.1 	 1.540050944 
89371.5 	 31409 	 695 	 30714 	 50.0 	 49.1 	 1.540050944 
89371.5 	 31331 	 808 	 30523 	 25.0 	 49.1 	 1.540050944 
92750.83333333333 	 35327 	 777 	 34550 	 33.3 	 49.1 	 1.540050944 
92744.83333333333 	 26806 	 340 	 26466 	 40.0 	 49.1 	 1.540050944 
89371.5 	 34434 	 678 	 33756 	 42.9 	 49.1 	 1.540050944 
89371.5 	 34366 	 687 	 33679 	 100.0 	 49.1 	 1.540050944 
92744.83333333333 	 35339 	 502 	 34837 	 33.3 	 49.1 	 1.540050944 
92744.83333333333 	 26917 	 473 	 26444 	 50.0 	 49.1 	 1.540050944 
92750.83333333333 	 36518 	 1065 	 35453 	 20.0 	 49.1 	 1.540050944 
89367.5 	 33579 	 713 	 32866 	 33.3 	 49.1 	 1.540050944 
92744.83333333333 	 36553 	 1429 	 35124 	 38.5 	 49.1 	 1.540050944 
92744.83333333333 	 33585 	 798 	 32787 	 33.3 	 49.1 	 1.540050944 
92750.83333333333 	 39133 	 1177 	 37956 	 50.0 	 49.1 	 1.540276224 
92750.83333333333 	 28589 	 831 	 27758 	 33.3 	 49.1 	 1.540276224 
89367.5 	 35212 	 1206 	 34006 	 50.0 	 49.1 	 1.540276224 
92744.83333333333 	 35207 	 342 	 34865 	 33.3 	 49.1 	 1.540276224 
92744.83333333333 	 28651 	 576 	 28075 	 33.3 	 49.1 	 1.540276224 
92760.83333333333 	 37233 	 812 	 36421 	 42.9 	 49.1 	 1.540276224 
92744.83333333333 	 35247 	 1002 	 34245 	 28.6 	 49.1 	 1.540276224 
89371.5 	 38239 	 445 	 37794 	 33.3 	 49.1 	 1.540276224 
89371.5 	 37217 	 931 	 36286 	 33.3 	 49.1 	 1.540276224 
92750.83333333333 	 36231 	 745 	 35486 	 50.0 	 49.1 	 1.540276224 
92744.83333333333 	 27622 	 440 	 27182 	 50.0 	 49.1 	 1.540276224 
89371.5 	 38222 	 628 	 37594 	 28.6 	 49.1 	 1.540276224 
89371.5 	 37339 	 870 	 36469 	 40.0 	 49.1 	 1.540276224 
89367.5 	 34115 	 219 	 33896 	 33.3 	 49.1 	 1.540276224 
89371.5 	 37181 	 461 	 36720 	 33.3 	 49.1 	 1.540276224 
92744.83333333333 	 42735 	 771 	 41964 	 33.3 	 49.1 	 1.540276224 
92756.83333333333 	 41778 	 302 	 41476 	 50.0 	 49.1 	 1.540276224 
89371.5 	 46723 	 1075 	 45648 	 50.0 	 49.1 	 1.540276224 
92766.83333333333 	 41765 	 652 	 41113 	 33.3 	 49.1 	 1.540276224 
89367.5 	 43726 	 951 	 42775 	 33.3 	 49.1 	 1.540276224 
89371.5 	 41761 	 686 	 41075 	 100.0 	 49.1 	 1.540276224 
92744.83333333333 	 42752 	 425 	 42327 	 36.4 	 49.1 	 1.540276224 
89371.5 	 42815 	 384 	 42431 	 50.0 	 49.1 	 1.540276224 
89371.5 	 34164 	 502 	 33662 	 33.3 	 49.1 	 1.540276224 
89371.5 	 42828 	 490 	 42338 	 33.3 	 49.1 	 1.540276224 
89371.5 	 41765 	 463 	 41302 	 33.3 	 49.1 	 1.540276224 
89371.5 	 42766 	 438 	 42328 	 36.4 	 49.1 	 1.540276224 
89371.5 	 41078 	 548 	 40530 	 66.7 	 49.1 	 1.540276224 
89371.5 	 41050 	 438 	 40612 	 33.3 	 49.1 	 1.540276224 
92744.83333333333 	 41107 	 272 	 40835 	 40.0 	 49.1 	 1.540276224 
89371.5 	 42141 	 232 	 41909 	 33.3 	 49.1 	 1.540276224 
89367.5 	 46709 	 918 	 45791 	 28.6 	 49.1 	 1.540276224 
89371.5 	 48733 	 702 	 48031 	 33.3 	 49.1 	 1.540276224 
89371.5 	 41142 	 659 	 40483 	 33.3 	 49.1 	 1.540276224 
89371.5 	 41248 	 516 	 40732 	 25.0 	 49.1 	 1.540276224 
89371.5 	 42262 	 862 	 41400 	 100.0 	 49.1 	 1.540276224 
89367.5 	 42237 	 404 	 41833 	 100.0 	 49.1 	 1.540276224 
92756.83333333333 	 46861 	 757 	 46104 	 33.3 	 49.1 	 1.540276224 
92744.83333333333 	 41269 	 601 	 40668 	 33.3 	 49.1 	 1.540276224 
92744.83333333333 	 42297 	 646 	 41651 	 40.0 	 49.1 	 1.540276224 
89367.5 	 41389 	 287 	 41102 	 33.3 	 49.1 	 1.540276224 
92756.83333333333 	 40587 	 420 	 40167 	 33.3 	 49.1 	 1.540276224 
89367.5 	 40654 	 576 	 40078 	 25.0 	 49.1 	 1.540276224 
89367.5 	 40655 	 305 	 40350 	 33.3 	 49.1 	 1.540276224 
92756.83333333333 	 39746 	 550 	 39196 	 50.0 	 49.1 	 1.540276224 
89371.5 	 39734 	 509 	 39225 	 50.0 	 49.1 	 1.540276224 
92750.83333333333 	 40766 	 512 	 40254 	 33.3 	 49.1 	 1.540276224 
89371.5 	 40711 	 458 	 40253 	 50.0 	 49.1 	 1.540276224 
89367.5 	 50361 	 935 	 49426 	 33.3 	 49.1 	 1.540276224 
89371.5 	 40826 	 442 	 40384 	 33.3 	 49.1 	 1.540276224 
89367.5 	 50389 	 584 	 49805 	 33.3 	 49.1 	 1.540276224 
92756.83333333333 	 40859 	 517 	 40342 	 33.3 	 49.1 	 1.540276224 
89367.5 	 40867 	 343 	 40524 	 33.3 	 49.1 	 1.540276224 
89367.5 	 41805 	 709 	 41096 	 50.0 	 49.1 	 1.540276224 
89371.5 	 53338 	 473 	 52865 	 100.0 	 49.1 	 1.540276224 
89367.5 	 50341 	 593 	 49748 	 50.0 	 49.1 	 1.540276224 
89371.5 	 57982 	 250 	 57732 	 75.0 	 49.1 	 1.540276224 
92744.83333333333 	 53731 	 843 	 52888 	 71.4 	 49.1 	 1.540276224 
92744.83333333333 	 60656 	 652 	 60004 	 50.0 	 49.1 	 1.540276224 
89371.5 	 50422 	 563 	 49859 	 33.3 	 49.1 	 1.540276224 
92756.83333333333 	 54398 	 855 	 53543 	 100.0 	 49.1 	 1.540276224 
89371.5 	 52073 	 581 	 51492 	 33.3 	 49.1 	 1.540276224 
92750.83333333333 	 52332 	 410 	 51922 	 33.3 	 49.1 	 1.540276224 
89367.5 	 53387 	 510 	 52877 	 75.0 	 49.1 	 1.540276224 
92744.83333333333 	 52497 	 467 	 52030 	 66.7 	 49.1 	 1.540276224 
89367.5 	 60387 	 776 	 59611 	 92.9 	 49.1 	 1.540276224 
92756.83333333333 	 61523 	 857 	 60666 	 25.0 	 49.1 	 1.540276224 
92744.83333333333 	 53368 	 636 	 52732 	 50.0 	 49.1 	 1.540210688 
92744.83333333333 	 54409 	 489 	 53920 	 20.0 	 49.1 	 1.540194304 
92750.83333333333 	 53585 	 1025 	 52560 	 30.0 	 49.1 	 1.540194304 
89371.5 	 53734 	 612 	 53122 	 38.1 	 49.1 	 1.540435968 
89371.5 	 54706 	 536 	 54170 	 33.3 	 49.1 	 1.540276224 
92744.83333333333 	 53772 	 343 	 53429 	 20.0 	 49.1 	 1.540194304 
89371.5 	 53912 	 300 	 53612 	 33.3 	 49.1 	 1.540276224 
89371.5 	 53847 	 381 	 53466 	 53.3 	 49.1 	 1.540435968 
92744.83333333333 	 53893 	 321 	 53572 	 40.0 	 49.1 	 1.540194304 
92744.83333333333 	 54621 	 493 	 54128 	 36.4 	 49.1 	 1.540435968 
92744.83333333333 	 54635 	 395 	 54240 	 31.8 	 49.1 	 1.540435968 
92744.83333333333 	 53877 	 289 	 53588 	 28.6 	 49.1 	 1.540276224 
89367.5 	 54007 	 329 	 53678 	 33.3 	 49.1 	 1.540276224 
92744.83333333333 	 53951 	 234 	 53717 	 33.3 	 49.1 	 1.540460544 
92744.83333333333 	 54974 	 726 	 54248 	 33.3 	 49.1 	 1.540194304 
92756.83333333333 	 54907 	 637 	 54270 	 33.3 	 49.1 	 1.540194304 
92744.83333333333 	 53951 	 234 	 53717 	 23.4 	 49.1 	 1.540460544 
89371.5 	 54965 	 906 	 54059 	 31.6 	 49.1 	 1.540194304 
89371.5 	 54976 	 687 	 54289 	 30.0 	 49.1 	 1.540194304 
89371.5 	 54907 	 482 	 54425 	 25.0 	 49.1 	 1.540194304 
92744.83333333333 	 54003 	 372 	 53631 	 29.2 	 49.1 	 1.540194304 
89367.5 	 53987 	 558 	 53429 	 25.0 	 49.1 	 1.540194304 
92744.83333333333 	 54948 	 209 	 54739 	 33.3 	 49.1 	 1.540194304 
92744.83333333333 	 54006 	 276 	 53730 	 33.3 	 49.1 	 1.540194304 
92756.83333333333 	 54950 	 223 	 54727 	 28.0 	 49.1 	 1.540194304 
89371.5 	 54974 	 569 	 54405 	 66.7 	 49.1 	 1.540194304 
89367.5 	 55621 	 320 	 55301 	 50.0 	 49.1 	 1.540882432 
92744.83333333333 	 55615 	 411 	 55204 	 33.3 	 49.1 	 1.540882432 
92744.83333333333 	 56587 	 506 	 56081 	 27.6 	 49.1 	 1.540595712 
89367.5 	 55588 	 204 	 55384 	 33.3 	 49.1 	 1.540882432 
92750.83333333333 	 55582 	 405 	 55177 	 24.1 	 49.1 	 1.540882432 
89371.5 	 55666 	 191 	 55475 	 23.2 	 49.1 	 1.540595712 
92744.83333333333 	 56579 	 251 	 56328 	 32.3 	 49.1 	 1.540755456 
89371.5 	 55787 	 385 	 55402 	 54.5 	 49.1 	 1.540882432 
89371.5 	 55748 	 603 	 55145 	 28.6 	 49.1 	 1.540882432 
92744.83333333333 	 55763 	 443 	 55320 	 33.3 	 49.1 	 1.540882432 
92744.83333333333 	 56732 	 628 	 56104 	 27.3 	 49.1 	 1.540595712 
92744.83333333333 	 56763 	 633 	 56130 	 100.0 	 49.1 	 1.540595712 
92744.83333333333 	 56758 	 494 	 56264 	 24.2 	 49.1 	 1.540460544 
89371.5 	 57963 	 398 	 57565 	 27.3 	 49.1 	 1.541226496 
89367.5 	 58888 	 397 	 58491 	 33.3 	 49.1 	 1.541226496 
89371.5 	 56965 	 449 	 56516 	 35.3 	 49.2 	 1.541750784 
92750.83333333333 	 57941 	 215 	 57726 	 29.5 	 49.2 	 1.541750784 
89367.5 	 57902 	 459 	 57443 	 33.3 	 49.2 	 1.541750784 
92744.83333333333 	 57940 	 331 	 57609 	 23.1 	 49.2 	 1.541750784 
89367.5 	 57979 	 460 	 57519 	 21.4 	 49.1 	 1.541226496 
89367.5 	 57963 	 195 	 57768 	 23.2 	 49.1 	 1.54120192 
89371.5 	 57925 	 725 	 57200 	 26.3 	 49.2 	 1.541750784 
89367.5 	 57979 	 285 	 57694 	 28.1 	 49.1 	 1.541226496 
92744.83333333333 	 57939 	 419 	 57520 	 33.3 	 49.2 	 1.541750784 
92744.83333333333 	 58956 	 600 	 58356 	 33.3 	 49.1 	 1.540882432 
92744.83333333333 	 58076 	 408 	 57668 	 29.3 	 49.1 	 1.541226496 
89371.5 	 59628 	 636 	 58992 	 20.0 	 49.2 	 1.541844992 
92744.83333333333 	 58689 	 604 	 58085 	 33.3 	 49.2 	 1.541844992 
89367.5 	 59646 	 511 	 59135 	 27.8 	 49.2 	 1.541844992 
92744.83333333333 	 59623 	 442 	 59181 	 28.6 	 49.2 	 1.541844992 
89371.5 	 59606 	 408 	 59198 	 69.2 	 49.2 	 1.541844992 
89371.5 	 59658 	 230 	 59428 	 24.9 	 49.2 	 1.541844992 
89367.5 	 58684 	 414 	 58270 	 33.3 	 49.2 	 1.542131712 
89367.5 	 59609 	 581 	 59028 	 27.9 	 49.2 	 1.541844992 
92744.83333333333 	 59630 	 645 	 58985 	 33.3 	 49.2 	 1.541844992 
89371.5 	 59713 	 615 	 59098 	 66.7 	 49.2 	 1.541750784 
92756.83333333333 	 58635 	 285 	 58350 	 26.6 	 49.2 	 1.542131712 
92750.83333333333 	 59693 	 641 	 59052 	 33.3 	 49.2 	 1.541844992 
89371.5 	 58671 	 292 	 58379 	 50.0 	 49.2 	 1.542131712 
89367.5 	 65697 	 435 	 65262 	 100.0 	 49.2 	 1.542131712 
92744.83333333333 	 64660 	 261 	 64399 	 25.5 	 49.2 	 1.542598656 
92750.83333333333 	 64725 	 756 	 63969 	 29.7 	 49.2 	 1.54304512 
92756.83333333333 	 65698 	 512 	 65186 	 33.3 	 49.2 	 1.542131712 
92744.83333333333 	 64710 	 883 	 63827 	 33.3 	 49.2 	 1.54304512 
89367.5 	 64693 	 450 	 64243 	 33.3 	 49.2 	 1.542885376 
89371.5 	 64749 	 460 	 64289 	 33.3 	 49.2 	 1.542885376 
89371.5 	 65691 	 436 	 65255 	 33.3 	 49.2 	 1.542131712 
89371.5 	 64692 	 440 	 64252 	 26.0 	 49.2 	 1.542885376 
92750.83333333333 	 65707 	 433 	 65274 	 100.0 	 49.2 	 1.542131712 
92744.83333333333 	 65666 	 530 	 65136 	 33.3 	 49.2 	 1.542283264 
92750.83333333333 	 65750 	 436 	 65314 	 33.3 	 49.2 	 1.542131712 
92750.83333333333 	 64744 	 497 	 64247 	 100.0 	 49.2 	 1.542885376 
92750.83333333333 	 67734 	 348 	 67386 	 31.4 	 49.2 	 1.544200192 
89367.5 	 68726 	 414 	 68312 	 28.6 	 49.2 	 1.543303168 
89367.5 	 69747 	 876 	 68871 	 33.3 	 49.2 	 1.54304512 
89371.5 	 68754 	 504 	 68250 	 29.1 	 49.2 	 1.543303168 
92744.83333333333 	 68775 	 410 	 68365 	 29.4 	 49.2 	 1.543303168 
89371.5 	 69686 	 404 	 69282 	 50.0 	 49.2 	 1.54320896 
92744.83333333333 	 68690 	 242 	 68448 	 33.3 	 49.2 	 1.544040448 
92744.83333333333 	 68735 	 475 	 68260 	 33.3 	 49.2 	 1.543303168 
92750.83333333333 	 68757 	 283 	 68474 	 42.4 	 49.2 	 1.54320896 
92750.83333333333 	 69709 	 408 	 69301 	 27.3 	 49.2 	 1.543303168 
92750.83333333333 	 68776 	 650 	 68126 	 33.3 	 49.2 	 1.543303168 
92744.83333333333 	 68737 	 466 	 68271 	 33.3 	 49.2 	 1.543303168 
89371.5 	 68729 	 235 	 68494 	 26.5 	 49.2 	 1.544040448 
92750.83333333333 	 68614 	 455 	 68159 	 33.3 	 49.2 	 1.544200192 
92744.83333333333 	 68593 	 540 	 68053 	 29.5 	 49.2 	 1.544200192 
89371.5 	 68605 	 496 	 68109 	 28.6 	 49.2 	 1.544200192 
92744.83333333333 	 68577 	 242 	 68335 	 33.3 	 49.2 	 1.544200192 
89371.5 	 68606 	 488 	 68118 	 33.3 	 49.2 	 1.544368128 
92744.83333333333 	 68632 	 348 	 68284 	 26.4 	 49.2 	 1.544368128 
92744.83333333333 	 68709 	 473 	 68236 	 40.0 	 49.2 	 1.544200192 
92744.83333333333 	 68686 	 457 	 68229 	 33.3 	 49.2 	 1.544200192 
89371.5 	 68699 	 526 	 68173 	 33.3 	 49.2 	 1.544200192 
92750.83333333333 	 69640 	 577 	 69063 	 33.3 	 49.2 	 1.544200192 
92744.83333333333 	 7187 	 795 	 6392 	 1.7 	 43.1 	 1.352699904 
92750.83333333333 	 11471 	 384 	 11087 	 2.9 	 43.1 	 1.350111232 
92744.83333333333 	 10556 	 470 	 10086 	 30.0 	 44.1 	 1.38334208 
89371.5 	 11413 	 180 	 11233 	 15.0 	 43.7 	 1.370558464 
89371.5 	 11412 	 850 	 10562 	 8.9 	 43.3 	 1.358508032 
92756.83333333333 	 11425 	 348 	 11077 	 11.3 	 43.8 	 1.374097408 
89367.5 	 11471 	 162 	 11309 	 33.3 	 43.7 	 1.370558464 
92744.83333333333 	 11460 	 509 	 10951 	 12.5 	 44.0 	 1.380294656 
89371.5 	 10667 	 645 	 10022 	 12.0 	 44.2 	 1.386389504 
92750.83333333333 	 11529 	 745 	 10784 	 11.5 	 43.2 	 1.355493376 
92744.83333333333 	 10751 	 178 	 10573 	 100.0 	 43.7 	 1.370558464 
92744.83333333333 	 11880 	 525 	 11355 	 33.3 	 44.1 	 1.38334208 
89367.5 	 12033 	 950 	 11083 	 16.0 	 43.4 	 1.361301504 
92760.83333333333 	 12468 	 704 	 11764 	 10.5 	 44.3 	 1.38969088 
92744.83333333333 	 12594 	 447 	 12147 	 54.1 	 47.0 	 1.4752768 
89371.5 	 15393 	 602 	 14791 	 62.3 	 47.1 	 1.47636224 
89371.5 	 15599 	 452 	 15147 	 58.1 	 47.1 	 1.476583424 
92756.83333333333 	 20590 	 518 	 20072 	 65.1 	 47.1 	 1.477226496 
92756.83333333333 	 18602 	 541 	 18061 	 54.0 	 47.7 	 1.495003136 
92744.83333333333 	 19671 	 1062 	 18609 	 41.6 	 47.7 	 1.494396928 
89371.5 	 20597 	 687 	 19910 	 34.2 	 47.7 	 1.495003136 
92756.83333333333 	 18688 	 401 	 18287 	 58.8 	 47.7 	 1.495474176 
89371.5 	 19649 	 232 	 19417 	 71.3 	 47.7 	 1.495003136 
89371.5 	 19606 	 512 	 19094 	 51.8 	 47.7 	 1.495474176 
89367.5 	 19653 	 301 	 19352 	 57.1 	 47.7 	 1.495003136 
92756.83333333333 	 19687 	 671 	 19016 	 80.8 	 47.6 	 1.493598208 
92756.83333333333 	 19680 	 282 	 19398 	 52.4 	 47.7 	 1.49487616 
92750.83333333333 	 20641 	 820 	 19821 	 64.7 	 47.1 	 1.477226496 
89367.5 	 20787 	 240 	 20547 	 58.6 	 47.2 	 1.479081984 
92750.83333333333 	 19829 	 673 	 19156 	 95.7 	 47.5 	 1.489629184 
89367.5 	 20940 	 818 	 20122 	 45.0 	 47.9 	 1.501577216 
89371.5 	 20877 	 600 	 20277 	 45.0 	 47.7 	 1.495883776 
89371.5 	 21956 	 454 	 21502 	 51.5 	 47.7 	 1.495724032 
92744.83333333333 	 20947 	 657 	 20290 	 66.7 	 47.9 	 1.500971008 
89367.5 	 21892 	 183 	 21709 	 45.5 	 47.7 	 1.495883776 
89371.5 	 22914 	 642 	 22272 	 45.0 	 47.7 	 1.495515136 
92744.83333333333 	 20959 	 776 	 20183 	 30.0 	 47.9 	 1.501577216 
92750.83333333333 	 19902 	 204 	 19698 	 39.0 	 47.9 	 1.501577216 
89371.5 	 21956 	 479 	 21477 	 62.5 	 47.7 	 1.495883776 
89371.5 	 21978 	 436 	 21542 	 39.2 	 47.7 	 1.495515136 
89367.5 	 21977 	 440 	 21537 	 50.0 	 47.7 	 1.495883776 
89371.5 	 21950 	 662 	 21288 	 69.1 	 47.9 	 1.500971008 
92750.83333333333 	 22948 	 692 	 22256 	 42.9 	 47.7 	 1.495515136 
92750.83333333333 	 23688 	 981 	 22707 	 66.7 	 47.9 	 1.502244864 
89371.5 	 16700 	 612 	 16088 	 56.2 	 48.2 	 1.511297024 
92756.83333333333 	 23713 	 411 	 23302 	 40.0 	 47.9 	 1.502244864 
89371.5 	 22753 	 491 	 22262 	 30.8 	 47.9 	 1.502244864 
89367.5 	 22768 	 441 	 22327 	 33.3 	 47.9 	 1.502244864 
92744.83333333333 	 24694 	 875 	 23819 	 100.0 	 47.9 	 1.501577216 
89371.5 	 23747 	 338 	 23409 	 33.3 	 47.9 	 1.502244864 
89371.5 	 22731 	 291 	 22440 	 33.3 	 47.9 	 1.502244864 
89371.5 	 23704 	 205 	 23499 	 40.0 	 47.9 	 1.502244864 
89367.5 	 22804 	 497 	 22307 	 33.3 	 47.9 	 1.502244864 
89367.5 	 24790 	 729 	 24061 	 50.0 	 47.9 	 1.502244864 
89367.5 	 23734 	 574 	 23160 	 35.3 	 47.9 	 1.502244864 
89367.5 	 22788 	 664 	 22124 	 33.3 	 47.9 	 1.502244864 
89371.5 	 22782 	 390 	 22392 	 33.3 	 47.9 	 1.502244864 
89367.5 	 25769 	 333 	 25436 	 33.3 	 48.2 	 1.51205888 
92750.83333333333 	 21771 	 553 	 21218 	 100.0 	 48.2 	 1.511550976 
92766.83333333333 	 25768 	 813 	 24955 	 25.0 	 48.2 	 1.51205888 
92750.83333333333 	 24807 	 491 	 24316 	 50.0 	 48.2 	 1.51205888 
92744.83333333333 	 24831 	 665 	 24166 	 33.3 	 48.2 	 1.51205888 
92750.83333333333 	 24844 	 709 	 24135 	 33.3 	 48.2 	 1.51205888 
89371.5 	 26881 	 683 	 26198 	 40.0 	 48.2 	 1.51205888 
89371.5 	 23884 	 439 	 23445 	 100.0 	 48.2 	 1.511297024 
89367.5 	 24880 	 315 	 24565 	 50.0 	 48.2 	 1.51205888 
89371.5 	 22863 	 532 	 22331 	 35.3 	 48.2 	 1.51205888 
92744.83333333333 	 24826 	 244 	 24582 	 33.3 	 48.2 	 1.51205888 
92750.83333333333 	 22916 	 441 	 22475 	 28.6 	 48.2 	 1.51205888 
89371.5 	 25009 	 538 	 24471 	 33.3 	 48.2 	 1.51205888 
92744.83333333333 	 26611 	 619 	 25992 	 50.0 	 48.2 	 1.51205888 
92744.83333333333 	 26659 	 631 	 26028 	 33.3 	 48.2 	 1.51205888 
92744.83333333333 	 23681 	 677 	 23004 	 42.9 	 48.2 	 1.51205888 
92744.83333333333 	 26651 	 579 	 26072 	 34.8 	 48.2 	 1.51205888 
92750.83333333333 	 23715 	 464 	 23251 	 36.4 	 48.2 	 1.51205888 
89367.5 	 25720 	 553 	 25167 	 33.3 	 48.2 	 1.51205888 
89371.5 	 27703 	 659 	 27044 	 25.0 	 48.2 	 1.51205888 
89367.5 	 27645 	 504 	 27141 	 100.0 	 48.2 	 1.51205888 
89371.5 	 28683 	 568 	 28115 	 33.3 	 48.2 	 1.51205888 
92750.83333333333 	 26664 	 947 	 25717 	 33.3 	 48.2 	 1.51205888 
92744.83333333333 	 25690 	 277 	 25413 	 30.0 	 48.2 	 1.51205888 
92744.83333333333 	 26725 	 477 	 26248 	 34.0 	 48.2 	 1.51205888 
89371.5 	 26738 	 729 	 26009 	 33.3 	 48.2 	 1.51205888 
89371.5 	 30264 	 1127 	 29137 	 50.0 	 48.2 	 1.51205888 
92756.83333333333 	 30281 	 831 	 29450 	 50.0 	 48.2 	 1.51205888 
92744.83333333333 	 32319 	 468 	 31851 	 100.0 	 48.2 	 1.51205888 
92756.83333333333 	 32261 	 779 	 31482 	 50.0 	 48.2 	 1.51205888 
89371.5 	 31321 	 325 	 30996 	 33.3 	 48.2 	 1.51205888 
92750.83333333333 	 31352 	 719 	 30633 	 25.0 	 48.2 	 1.512235008 
92750.83333333333 	 34305 	 638 	 33667 	 50.0 	 48.2 	 1.51205888 
89371.5 	 31330 	 215 	 31115 	 50.0 	 48.2 	 1.51205888 
89367.5 	 31356 	 450 	 30906 	 33.3 	 48.2 	 1.512235008 
89367.5 	 33300 	 253 	 33047 	 50.0 	 48.2 	 1.512235008 
92750.83333333333 	 31402 	 607 	 30795 	 33.3 	 48.2 	 1.512235008 
92756.83333333333 	 34315 	 567 	 33748 	 32.4 	 48.2 	 1.512235008 
92756.83333333333 	 32375 	 817 	 31558 	 28.6 	 48.2 	 1.51205888 
92756.83333333333 	 40755 	 634 	 40121 	 28.0 	 48.2 	 1.512341504 
92750.83333333333 	 38825 	 689 	 38136 	 33.3 	 48.2 	 1.512235008 
89371.5 	 40737 	 625 	 40112 	 25.0 	 48.2 	 1.512341504 
89371.5 	 37844 	 709 	 37135 	 50.0 	 48.2 	 1.512341504 
89371.5 	 37840 	 455 	 37385 	 40.0 	 48.2 	 1.512341504 
92750.83333333333 	 37773 	 152 	 37621 	 33.3 	 48.2 	 1.512341504 
89371.5 	 39776 	 628 	 39148 	 100.0 	 48.2 	 1.512235008 
89367.5 	 40849 	 450 	 40399 	 50.0 	 48.2 	 1.512235008 
92750.83333333333 	 38834 	 238 	 38596 	 50.0 	 48.2 	 1.512235008 
89367.5 	 36827 	 628 	 36199 	 50.0 	 48.2 	 1.512341504 
89371.5 	 36851 	 581 	 36270 	 30.8 	 48.2 	 1.512341504 
89371.5 	 37843 	 723 	 37120 	 50.0 	 48.2 	 1.512341504 
89367.5 	 36843 	 463 	 36380 	 50.0 	 48.2 	 1.512341504 
89371.5 	 37863 	 641 	 37222 	 33.3 	 48.2 	 1.512341504 
89367.5 	 38792 	 308 	 38484 	 20.0 	 48.2 	 1.512341504 
89367.5 	 41841 	 965 	 40876 	 33.3 	 48.2 	 1.512235008 
89367.5 	 38818 	 774 	 38044 	 33.3 	 48.2 	 1.512235008 
92744.83333333333 	 41868 	 721 	 41147 	 33.3 	 48.2 	 1.512235008 
89371.5 	 36892 	 449 	 36443 	 66.7 	 48.2 	 1.512341504 
89371.5 	 38863 	 875 	 37988 	 66.7 	 48.2 	 1.512235008 
89371.5 	 39859 	 589 	 39270 	 33.3 	 48.2 	 1.512341504 
89371.5 	 37858 	 598 	 37260 	 26.3 	 48.2 	 1.512341504 
89371.5 	 37881 	 569 	 37312 	 28.6 	 48.2 	 1.512341504 
89367.5 	 39844 	 259 	 39585 	 31.1 	 48.2 	 1.512341504 
92744.83333333333 	 38891 	 724 	 38167 	 50.0 	 48.2 	 1.512341504 
89371.5 	 39973 	 851 	 39122 	 33.3 	 48.2 	 1.512235008 
89371.5 	 37963 	 901 	 37062 	 37.5 	 48.2 	 1.512341504 
92750.83333333333 	 37039 	 275 	 36764 	 27.6 	 48.2 	 1.512341504 
92744.83333333333 	 42711 	 536 	 42175 	 50.0 	 48.2 	 1.512886272 
92750.83333333333 	 43632 	 714 	 42918 	 37.5 	 48.2 	 1.512886272 
89371.5 	 43647 	 662 	 42985 	 31.8 	 48.2 	 1.512886272 
92750.83333333333 	 42691 	 351 	 42340 	 33.3 	 48.2 	 1.512886272 
92744.83333333333 	 42735 	 499 	 42236 	 25.0 	 48.2 	 1.512886272 
92744.83333333333 	 44655 	 215 	 44440 	 44.2 	 48.2 	 1.512677376 
92750.83333333333 	 43713 	 344 	 43369 	 33.3 	 48.2 	 1.512886272 
89371.5 	 43715 	 292 	 43423 	 100.0 	 48.2 	 1.512886272 
89371.5 	 42762 	 651 	 42111 	 33.3 	 48.2 	 1.512886272 
89371.5 	 42734 	 383 	 42351 	 50.0 	 48.2 	 1.512886272 
92750.83333333333 	 43798 	 276 	 43522 	 33.3 	 48.2 	 1.512886272 
92750.83333333333 	 42809 	 307 	 42502 	 26.0 	 48.2 	 1.512886272 
89371.5 	 42884 	 846 	 42038 	 33.3 	 48.2 	 1.512886272 
89367.5 	 45953 	 814 	 45139 	 33.3 	 48.2 	 1.512886272 
89371.5 	 46023 	 218 	 45805 	 23.9 	 48.3 	 1.513078784 
89371.5 	 46982 	 541 	 46441 	 22.7 	 48.3 	 1.51332864 
92760.83333333333 	 47094 	 850 	 46244 	 25.0 	 48.3 	 1.51332864 
89371.5 	 47477 	 782 	 46695 	 33.3 	 48.3 	 1.51332864 
89371.5 	 47768 	 369 	 47399 	 100.0 	 48.3 	 1.51332864 
92744.83333333333 	 48743 	 795 	 47948 	 50.0 	 48.2 	 1.512886272 
89371.5 	 46817 	 454 	 46363 	 33.3 	 48.3 	 1.513500672 
92744.83333333333 	 47863 	 607 	 47256 	 28.6 	 48.2 	 1.512886272 
89367.5 	 46829 	 789 	 46040 	 33.3 	 48.3 	 1.513693184 
92744.83333333333 	 47858 	 701 	 47157 	 30.7 	 48.3 	 1.51332864 
89371.5 	 47806 	 667 	 47139 	 100.0 	 48.3 	 1.51332864 
89371.5 	 47866 	 651 	 47215 	 33.3 	 48.3 	 1.51332864 
92744.83333333333 	 47693 	 356 	 47337 	 41.3 	 48.3 	 1.513693184 
92750.83333333333 	 48731 	 332 	 48399 	 28.3 	 48.3 	 1.51332864 
89367.5 	 47759 	 431 	 47328 	 50.0 	 48.3 	 1.513500672 
92744.83333333333 	 49848 	 792 	 49056 	 47.1 	 48.2 	 1.512886272 
89367.5 	 47940 	 428 	 47512 	 24.0 	 48.3 	 1.513500672 
89367.5 	 46968 	 204 	 46764 	 22.4 	 48.3 	 1.513836544 
89367.5 	 47900 	 533 	 47367 	 50.0 	 48.3 	 1.513693184 
92744.83333333333 	 48395 	 626 	 47769 	 28.0 	 48.3 	 1.513693184 
92744.83333333333 	 48352 	 397 	 47955 	 50.0 	 48.3 	 1.513693184 
89371.5 	 48736 	 809 	 47927 	 66.7 	 48.3 	 1.513693184 
89367.5 	 48028 	 380 	 47648 	 23.0 	 48.3 	 1.513836544 
92744.83333333333 	 48071 	 257 	 47814 	 22.2 	 48.3 	 1.513836544 
92750.83333333333 	 49115 	 423 	 48692 	 33.3 	 48.3 	 1.513500672 
89367.5 	 50113 	 413 	 49700 	 33.3 	 48.3 	 1.513836544 
89367.5 	 50247 	 611 	 49636 	 33.3 	 48.3 	 1.513836544 
92756.83333333333 	 49332 	 194 	 49138 	 26.9 	 48.3 	 1.51402496 
89367.5 	 50306 	 391 	 49915 	 100.0 	 48.3 	 1.51402496 
89367.5 	 51248 	 816 	 50432 	 100.0 	 48.3 	 1.513897984 
92744.83333333333 	 50402 	 261 	 50141 	 30.8 	 48.3 	 1.51402496 
92744.83333333333 	 51339 	 223 	 51116 	 100.0 	 48.3 	 1.51402496 
92744.83333333333 	 52022 	 768 	 51254 	 22.7 	 48.3 	 1.513836544 
89367.5 	 49972 	 405 	 49567 	 50.0 	 48.3 	 1.514524672 
92744.83333333333 	 51003 	 434 	 50569 	 12.5 	 48.3 	 1.51402496 
89371.5 	 50028 	 354 	 49674 	 31.3 	 48.3 	 1.514176512 
92744.83333333333 	 51008 	 435 	 50573 	 33.3 	 48.3 	 1.514176512 
89371.5 	 51052 	 265 	 50787 	 33.3 	 48.3 	 1.51402496 
89367.5 	 49072 	 741 	 48331 	 25.7 	 48.3 	 1.514524672 
92744.83333333333 	 52030 	 260 	 51770 	 33.3 	 48.3 	 1.51402496 
89371.5 	 51200 	 175 	 51025 	 22.2 	 48.3 	 1.513897984 
92744.83333333333 	 50274 	 349 	 49925 	 43.9 	 48.3 	 1.514176512 
89371.5 	 50246 	 409 	 49837 	 33.3 	 48.3 	 1.514524672 
92744.83333333333 	 51304 	 551 	 50753 	 28.4 	 48.3 	 1.513897984 
89371.5 	 52345 	 572 	 51773 	 26.3 	 48.3 	 1.513836544 
92750.83333333333 	 50407 	 545 	 49862 	 33.3 	 48.3 	 1.514176512 
92744.83333333333 	 51354 	 428 	 50926 	 50.0 	 48.3 	 1.514176512 
89371.5 	 50447 	 454 	 49993 	 33.3 	 48.3 	 1.514176512 
92744.83333333333 	 51365 	 620 	 50745 	 50.0 	 48.3 	 1.514176512 
89367.5 	 50432 	 756 	 49676 	 26.7 	 48.3 	 1.514176512 
89371.5 	 50450 	 408 	 50042 	 22.5 	 48.3 	 1.514524672 
92750.83333333333 	 55785 	 909 	 54876 	 100.0 	 48.3 	 1.514524672 
89371.5 	 53871 	 451 	 53420 	 33.3 	 48.3 	 1.514754048 
89367.5 	 53864 	 516 	 53348 	 25.0 	 48.3 	 1.514754048 
92744.83333333333 	 54872 	 1203 	 53669 	 15.4 	 48.3 	 1.514430464 
92744.83333333333 	 54881 	 977 	 53904 	 33.3 	 48.3 	 1.514524672 
89367.5 	 54848 	 776 	 54072 	 33.3 	 48.3 	 1.514524672 
89371.5 	 54859 	 1153 	 53706 	 20.9 	 48.3 	 1.514430464 
89367.5 	 54834 	 536 	 54298 	 50.0 	 48.3 	 1.514754048 
89371.5 	 55829 	 887 	 54942 	 20.0 	 48.3 	 1.514524672 
92760.83333333333 	 53863 	 445 	 53418 	 33.3 	 48.3 	 1.514754048 
89367.5 	 54856 	 729 	 54127 	 27.0 	 48.3 	 1.514524672 
89371.5 	 54845 	 538 	 54307 	 33.3 	 48.3 	 1.514754048 
92744.83333333333 	 53944 	 445 	 53499 	 30.4 	 48.3 	 1.514754048 
92750.83333333333 	 57807 	 605 	 57202 	 33.3 	 48.3 	 1.515933696 
89371.5 	 57800 	 838 	 56962 	 34.0 	 48.3 	 1.51609344 
92744.83333333333 	 58795 	 852 	 57943 	 26.1 	 48.3 	 1.514754048 
92744.83333333333 	 59739 	 921 	 58818 	 33.3 	 48.3 	 1.514913792 
89371.5 	 57791 	 625 	 57166 	 33.3 	 48.3 	 1.515933696 
92744.83333333333 	 59756 	 929 	 58827 	 31.4 	 48.3 	 1.515073536 
89367.5 	 58778 	 288 	 58490 	 28.1 	 48.3 	 1.515757568 
89367.5 	 58771 	 310 	 58461 	 66.7 	 48.3 	 1.515757568 
92744.83333333333 	 58795 	 850 	 57945 	 33.3 	 48.3 	 1.514754048 
89371.5 	 57850 	 793 	 57057 	 33.3 	 48.3 	 1.51609344 
89367.5 	 57805 	 589 	 57216 	 24.4 	 48.3 	 1.515933696 
89367.5 	 58784 	 836 	 57948 	 33.3 	 48.3 	 1.51609344 
89371.5 	 57838 	 789 	 57049 	 100.0 	 48.3 	 1.51609344 
92750.83333333333 	 63230 	 862 	 62368 	 33.3 	 48.3 	 1.51609344 
92744.83333333333 	 62247 	 398 	 61849 	 33.3 	 48.4 	 1.516474368 
89371.5 	 61311 	 486 	 60825 	 42.9 	 48.4 	 1.516474368 
89367.5 	 62273 	 515 	 61758 	 65.7 	 48.4 	 1.516474368 
92744.83333333333 	 61287 	 635 	 60652 	 28.0 	 48.4 	 1.516474368 
92744.83333333333 	 62250 	 455 	 61795 	 33.3 	 48.4 	 1.516474368 
89367.5 	 61306 	 639 	 60667 	 33.3 	 48.4 	 1.516474368 
92744.83333333333 	 61283 	 838 	 60445 	 33.3 	 48.4 	 1.516474368 
92744.83333333333 	 61356 	 293 	 61063 	 28.6 	 48.4 	 1.516474368 
92756.83333333333 	 61280 	 846 	 60434 	 24.1 	 48.4 	 1.516474368 
89367.5 	 61357 	 693 	 60664 	 18.2 	 48.4 	 1.516474368 
89371.5 	 62304 	 410 	 61894 	 29.3 	 48.4 	 1.516474368 
92744.83333333333 	 61351 	 287 	 61064 	 25.7 	 48.4 	 1.516474368 
89371.5 	 62967 	 886 	 62081 	 40.5 	 48.4 	 1.51853056 
89371.5 	 63920 	 281 	 63639 	 25.6 	 48.4 	 1.51687168 
89367.5 	 62953 	 953 	 62000 	 85.1 	 48.4 	 1.51853056 
89367.5 	 62941 	 840 	 62101 	 33.3 	 48.4 	 1.518354432 
92744.83333333333 	 62025 	 921 	 61104 	 40.0 	 48.4 	 1.51853056 
92744.83333333333 	 62958 	 672 	 62286 	 26.0 	 48.4 	 1.517268992 
89367.5 	 63034 	 283 	 62751 	 37.5 	 48.4 	 1.51687168 
92750.83333333333 	 62944 	 1075 	 61869 	 33.3 	 48.4 	 1.51853056 
92744.83333333333 	 62991 	 1099 	 61892 	 33.3 	 48.4 	 1.51853056 
92744.83333333333 	 63030 	 700 	 62330 	 100.0 	 48.4 	 1.517268992 
89367.5 	 63992 	 922 	 63070 	 28.6 	 48.4 	 1.516474368 
89367.5 	 63024 	 1098 	 61926 	 30.4 	 48.4 	 1.51853056 
92744.83333333333 	 63048 	 882 	 62166 	 30.9 	 48.4 	 1.518084096 
92750.83333333333 	 69644 	 691 	 68953 	 33.3 	 48.4 	 1.518370816 
89371.5 	 69669 	 455 	 69214 	 27.9 	 48.4 	 1.51853056 
89367.5 	 69623 	 875 	 68748 	 26.3 	 48.4 	 1.518563328 
89367.5 	 68718 	 1077 	 67641 	 18.2 	 48.4 	 1.518563328 
92750.83333333333 	 69639 	 880 	 68759 	 100.0 	 48.4 	 1.518563328 
92744.83333333333 	 69703 	 250 	 69453 	 33.3 	 48.4 	 1.51853056 
89371.5 	 69717 	 981 	 68736 	 27.6 	 48.4 	 1.518563328 
92750.83333333333 	 68722 	 367 	 68355 	 33.3 	 48.4 	 1.518563328 
92744.83333333333 	 69705 	 288 	 69417 	 33.3 	 48.4 	 1.51853056 
92744.83333333333 	 69665 	 672 	 68993 	 30.6 	 48.4 	 1.518370816 
89371.5 	 68699 	 624 	 68075 	 27.5 	 48.4 	 1.518563328 
92744.83333333333 	 69691 	 497 	 69194 	 23.3 	 48.4 	 1.51853056 
92750.83333333333 	 68714 	 247 	 68467 	 26.7 	 48.4 	 1.518563328 
89367.5 	 71768 	 1029 	 70739 	 25.3 	 48.4 	 1.518559232 
89371.5 	 70791 	 733 	 70058 	 28.1 	 48.4 	 1.518952448 
89371.5 	 71792 	 490 	 71302 	 33.3 	 48.4 	 1.518559232 
89367.5 	 70860 	 920 	 69940 	 50.6 	 48.4 	 1.518764032 
89367.5 	 71777 	 691 	 71086 	 33.3 	 48.4 	 1.518764032 
89371.5 	 70810 	 641 	 70169 	 30.2 	 48.4 	 1.518952448 
92744.83333333333 	 71794 	 473 	 71321 	 25.6 	 48.4 	 1.518559232 
92750.83333333333 	 70824 	 735 	 70089 	 33.3 	 48.4 	 1.518952448 
89367.5 	 70859 	 713 	 70146 	 33.3 	 48.4 	 1.518764032 
92756.83333333333 	 70805 	 626 	 70179 	 31.8 	 48.4 	 1.518952448 
92750.83333333333 	 70880 	 478 	 70402 	 100.0 	 48.4 	 1.518559232 
89367.5 	 70858 	 468 	 70390 	 27.1 	 48.4 	 1.518764032 
89371.5 	 71835 	 642 	 71193 	 33.3 	 48.4 	 1.518563328 
89371.5 	 71876 	 593 	 71283 	 33.3 	 48.4 	 1.518563328 
92750.83333333333 	 72671 	 473 	 72198 	 33.3 	 48.5 	 1.51937024 
89371.5 	 72685 	 474 	 72211 	 30.7 	 48.5 	 1.51937024 
89367.5 	 68144 	 734 	 67410 	 33.3 	 48.5 	 1.51937024 
89371.5 	 72722 	 949 	 71773 	 50.0 	 48.4 	 1.519263744 
89367.5 	 72758 	 739 	 72019 	 27.3 	 48.4 	 1.518952448 
89371.5 	 72736 	 1164 	 71572 	 33.3 	 48.4 	 1.519263744 
89367.5 	 72671 	 570 	 72101 	 30.8 	 48.5 	 1.51937024 
92756.83333333333 	 73693 	 868 	 72825 	 50.0 	 48.4 	 1.518952448 
89371.5 	 73681 	 1179 	 72502 	 66.7 	 48.4 	 1.519263744 
92756.83333333333 	 72720 	 1429 	 71291 	 33.3 	 48.5 	 1.51937024 
92750.83333333333 	 68175 	 923 	 67252 	 35.7 	 48.5 	 1.519747072 
89371.5 	 72766 	 802 	 71964 	 31.5 	 48.4 	 1.519263744 
92744.83333333333 	 72760 	 1033 	 71727 	 28.7 	 48.4 	 1.519263744 
92744.83333333333 	 71229 	 487 	 70742 	 50.0 	 48.5 	 1.5204352 
89367.5 	 71351 	 917 	 70434 	 50.0 	 48.5 	 1.519747072 
89371.5 	 71344 	 276 	 71068 	 29.9 	 48.5 	 1.520242688 
92744.83333333333 	 70360 	 791 	 69569 	 28.3 	 48.5 	 1.520562176 
89371.5 	 71362 	 913 	 70449 	 50.0 	 48.5 	 1.519747072 
92756.83333333333 	 71398 	 964 	 70434 	 50.0 	 48.5 	 1.519906816 
89367.5 	 71346 	 491 	 70855 	 31.2 	 48.5 	 1.5204352 
92744.83333333333 	 75920 	 980 	 74940 	 33.3 	 48.5 	 1.519906816 
89371.5 	 70404 	 699 	 69705 	 25.0 	 48.5 	 1.520562176 
89367.5 	 70401 	 466 	 69935 	 26.4 	 48.5 	 1.520242688 
89371.5 	 71365 	 712 	 70653 	 30.8 	 48.5 	 1.520562176 
89367.5 	 70398 	 804 	 69594 	 20.4 	 48.5 	 1.520562176 
92744.83333333333 	 70428 	 706 	 69722 	 39.3 	 48.5 	 1.520562176 
92750.83333333333 	 72975 	 590 	 72385 	 25.0 	 48.5 	 1.5204352 
92744.83333333333 	 73015 	 280 	 72735 	 28.6 	 48.5 	 1.520562176 
92756.83333333333 	 73051 	 272 	 72779 	 100.0 	 48.5 	 1.520562176 
89371.5 	 74048 	 947 	 73101 	 20.4 	 48.5 	 1.520562176 
89371.5 	 73024 	 1001 	 72023 	 26.6 	 48.5 	 1.5204352 
89371.5 	 73076 	 526 	 72550 	 26.7 	 48.5 	 1.5204352 
92744.83333333333 	 3859 	 304 	 3555 	 16.7 	 48.2 	 1.510182912 
89367.5 	 3916 	 294 	 3622 	 33.3 	 48.2 	 1.510182912 
92744.83333333333 	 3928 	 319 	 3609 	 18.8 	 48.2 	 1.510182912 
89371.5 	 6915 	 828 	 6087 	 33.3 	 48.2 	 1.510182912 
89371.5 	 6891 	 462 	 6429 	 12.0 	 48.2 	 1.510182912 
92744.83333333333 	 5920 	 446 	 5474 	 33.3 	 48.2 	 1.510354944 
92744.83333333333 	 6865 	 262 	 6603 	 100.0 	 48.2 	 1.510182912 
92744.83333333333 	 5952 	 430 	 5522 	 24.0 	 48.2 	 1.510354944 
92744.83333333333 	 5987 	 634 	 5353 	 33.3 	 48.2 	 1.510354944 
89367.5 	 6927 	 196 	 6731 	 12.3 	 48.2 	 1.510182912 
89367.5 	 6919 	 259 	 6660 	 22.7 	 48.2 	 1.510182912 
92744.83333333333 	 5985 	 402 	 5583 	 19.0 	 48.2 	 1.510354944 
92744.83333333333 	 6958 	 798 	 6160 	 9.2 	 48.2 	 1.510182912 
89371.5 	 6985 	 855 	 6130 	 100.0 	 48.2 	 1.510182912 
89367.5 	 5949 	 364 	 5585 	 15.2 	 48.2 	 1.510354944 
92744.83333333333 	 6027 	 603 	 5424 	 15.7 	 48.2 	 1.510354944 
89367.5 	 7775 	 245 	 7530 	 33.3 	 48.2 	 1.510514688 
89371.5 	 8717 	 505 	 8212 	 65.1 	 48.2 	 1.510514688 
89371.5 	 7733 	 276 	 7457 	 10.0 	 48.2 	 1.510506496 
92744.83333333333 	 7759 	 601 	 7158 	 20.7 	 48.2 	 1.510703104 
92744.83333333333 	 7812 	 382 	 7430 	 19.4 	 48.2 	 1.510514688 
92750.83333333333 	 7827 	 174 	 7653 	 33.3 	 48.2 	 1.510514688 
92750.83333333333 	 7743 	 397 	 7346 	 19.0 	 48.2 	 1.510506496 
89371.5 	 8807 	 954 	 7853 	 16.1 	 48.2 	 1.510514688 
92744.83333333333 	 7830 	 202 	 7628 	 33.3 	 48.2 	 1.510514688 
92744.83333333333 	 6809 	 464 	 6345 	 20.7 	 48.2 	 1.510703104 
92750.83333333333 	 8809 	 442 	 8367 	 100.0 	 48.2 	 1.510514688 
89367.5 	 7842 	 184 	 7658 	 14.8 	 48.2 	 1.510506496 
89367.5 	 8804 	 356 	 8448 	 23.1 	 48.2 	 1.510514688 
89371.5 	 10276 	 1019 	 9257 	 18.2 	 48.2 	 1.510703104 
89367.5 	 11240 	 732 	 10508 	 33.3 	 48.2 	 1.510703104 
89371.5 	 9315 	 486 	 8829 	 19.7 	 48.2 	 1.511002112 
92750.83333333333 	 10245 	 159 	 10086 	 17.9 	 48.2 	 1.511071744 
92744.83333333333 	 10317 	 557 	 9760 	 38.5 	 48.2 	 1.510703104 
89367.5 	 11303 	 721 	 10582 	 24.4 	 48.2 	 1.510703104 
89367.5 	 10325 	 926 	 9399 	 33.3 	 48.2 	 1.510703104 
89371.5 	 10319 	 872 	 9447 	 21.2 	 48.2 	 1.510703104 
92744.83333333333 	 10281 	 179 	 10102 	 33.3 	 48.2 	 1.511071744 
92744.83333333333 	 10368 	 971 	 9397 	 33.3 	 48.2 	 1.510703104 
92750.83333333333 	 10366 	 781 	 9585 	 9.8 	 48.2 	 1.510703104 
92750.83333333333 	 10309 	 326 	 9983 	 16.3 	 48.2 	 1.511071744 
92744.83333333333 	 9365 	 345 	 9020 	 33.3 	 48.2 	 1.511071744 
92744.83333333333 	 11879 	 829 	 11050 	 49.3 	 48.3 	 1.515225088 
89367.5 	 10881 	 359 	 10522 	 50.0 	 48.3 	 1.51533568 
92744.83333333333 	 11869 	 830 	 11039 	 25.0 	 48.3 	 1.515225088 
89367.5 	 10898 	 174 	 10724 	 33.3 	 48.3 	 1.51533568 
89371.5 	 11859 	 619 	 11240 	 24.2 	 48.3 	 1.514971136 
89371.5 	 11851 	 635 	 11216 	 100.0 	 48.3 	 1.514971136 
92744.83333333333 	 10876 	 278 	 10598 	 22.1 	 48.3 	 1.51533568 
89367.5 	 11838 	 366 	 11472 	 33.3 	 48.3 	 1.51533568 
89371.5 	 10890 	 499 	 10391 	 26.9 	 48.3 	 1.51533568 
92750.83333333333 	 11853 	 176 	 11677 	 23.3 	 48.3 	 1.51533568 
89371.5 	 10911 	 455 	 10456 	 13.0 	 48.3 	 1.51533568 
92744.83333333333 	 11892 	 653 	 11239 	 33.3 	 48.3 	 1.514971136 
89367.5 	 10876 	 496 	 10380 	 38.9 	 48.3 	 1.51533568 
89371.5 	 16088 	 747 	 15341 	 19.5 	 48.3 	 1.515544576 
89367.5 	 16051 	 885 	 15166 	 50.0 	 48.3 	 1.5159296 
89371.5 	 16106 	 182 	 15924 	 33.3 	 48.3 	 1.515544576 
89371.5 	 16074 	 553 	 15521 	 33.3 	 48.3 	 1.515544576 
92744.83333333333 	 16062 	 184 	 15878 	 15.9 	 48.4 	 1.51625728 
92744.83333333333 	 17111 	 599 	 16512 	 23.3 	 48.3 	 1.51533568 
92744.83333333333 	 17073 	 597 	 16476 	 33.3 	 48.3 	 1.515544576 
89371.5 	 18090 	 575 	 17515 	 33.3 	 48.3 	 1.51533568 
92744.83333333333 	 17130 	 375 	 16755 	 14.3 	 48.3 	 1.515544576 
92744.83333333333 	 16241 	 185 	 16056 	 17.8 	 48.3 	 1.515544576 
92750.83333333333 	 17193 	 564 	 16629 	 33.3 	 48.3 	 1.515544576 
92750.83333333333 	 16245 	 923 	 15322 	 50.0 	 48.3 	 1.5159296 
89371.5 	 16257 	 541 	 15716 	 23.1 	 48.3 	 1.515544576 
89371.5 	 20029 	 353 	 19676 	 33.3 	 48.4 	 1.516302336 
92750.83333333333 	 19122 	 305 	 18817 	 33.3 	 48.4 	 1.516302336 
92744.83333333333 	 20097 	 924 	 19173 	 60.0 	 48.4 	 1.516417024 
92744.83333333333 	 21040 	 366 	 20674 	 33.3 	 48.4 	 1.51625728 
89367.5 	 20102 	 1120 	 18982 	 23.6 	 48.4 	 1.516302336 
89367.5 	 20140 	 386 	 19754 	 23.8 	 48.4 	 1.51625728 
92756.83333333333 	 20082 	 935 	 19147 	 26.3 	 48.4 	 1.516417024 
92750.83333333333 	 21077 	 573 	 20504 	 18.3 	 48.4 	 1.51625728 
92744.83333333333 	 19121 	 363 	 18758 	 33.3 	 48.4 	 1.516302336 
89367.5 	 20107 	 1169 	 18938 	 33.3 	 48.4 	 1.516302336 
92756.83333333333 	 20090 	 349 	 19741 	 33.3 	 48.4 	 1.516302336 
92750.83333333333 	 20144 	 1178 	 18966 	 29.4 	 48.4 	 1.516302336 
92750.83333333333 	 20171 	 373 	 19798 	 33.3 	 48.4 	 1.51625728 
89367.5 	 22398 	 890 	 21508 	 50.0 	 48.4 	 1.5177728 
89371.5 	 23341 	 319 	 23022 	 50.0 	 48.4 	 1.516756992 
89367.5 	 23387 	 534 	 22853 	 17.2 	 48.4 	 1.516302336 
89367.5 	 22383 	 587 	 21796 	 23.5 	 48.4 	 1.516756992 
89371.5 	 23375 	 1196 	 22179 	 33.3 	 48.4 	 1.516756992 
89371.5 	 22412 	 832 	 21580 	 24.4 	 48.4 	 1.5177728 
89371.5 	 23403 	 711 	 22692 	 20.0 	 48.4 	 1.516302336 
89371.5 	 22437 	 797 	 21640 	 33.3 	 48.4 	 1.517518848 
89367.5 	 23455 	 407 	 23048 	 33.3 	 48.4 	 1.516302336 
92750.83333333333 	 22409 	 771 	 21638 	 47.6 	 48.4 	 1.517518848 
89371.5 	 23381 	 595 	 22786 	 95.0 	 48.4 	 1.517518848 
89367.5 	 23407 	 291 	 23116 	 21.0 	 48.4 	 1.516756992 
92744.83333333333 	 23515 	 523 	 22992 	 22.2 	 48.4 	 1.516302336 
89371.5 	 24452 	 443 	 24009 	 33.3 	 48.4 	 1.516302336 
92750.83333333333 	 25097 	 899 	 24198 	 27.8 	 48.4 	 1.519202304 
89371.5 	 25198 	 1101 	 24097 	 17.9 	 48.4 	 1.5177728 
89367.5 	 24170 	 759 	 23411 	 22.6 	 48.4 	 1.51904256 
92744.83333333333 	 25166 	 974 	 24192 	 17.0 	 48.4 	 1.5177728 
89371.5 	 24193 	 451 	 23742 	 17.9 	 48.4 	 1.518768128 
92750.83333333333 	 25136 	 1065 	 24071 	 28.6 	 48.4 	 1.519202304 
92744.83333333333 	 24223 	 159 	 24064 	 18.4 	 48.4 	 1.518768128 
89367.5 	 24219 	 213 	 24006 	 50.0 	 48.4 	 1.518768128 
89371.5 	 24151 	 280 	 23871 	 30.8 	 48.4 	 1.519202304 
89367.5 	 24194 	 590 	 23604 	 16.2 	 48.4 	 1.518768128 
92744.83333333333 	 24148 	 226 	 23922 	 20.7 	 48.4 	 1.519202304 
92750.83333333333 	 25180 	 659 	 24521 	 100.0 	 48.4 	 1.518768128 
92744.83333333333 	 24206 	 390 	 23816 	 23.7 	 48.4 	 1.519202304 
89371.5 	 30824 	 159 	 30665 	 17.5 	 48.7 	 1.526644736 
89371.5 	 26282 	 242 	 26040 	 22.9 	 48.7 	 1.527115776 
89371.5 	 31818 	 471 	 31347 	 19.5 	 48.4 	 1.519202304 
92744.83333333333 	 30851 	 514 	 30337 	 32.6 	 48.4 	 1.519202304 
89371.5 	 31837 	 556 	 31281 	 50.0 	 48.4 	 1.519202304 
89367.5 	 30805 	 522 	 30283 	 17.5 	 48.7 	 1.527156736 
92744.83333333333 	 30841 	 175 	 30666 	 28.1 	 48.7 	 1.526644736 
89371.5 	 30912 	 517 	 30395 	 50.0 	 48.4 	 1.519202304 
92750.83333333333 	 30842 	 835 	 30007 	 24.1 	 48.7 	 1.527115776 
89371.5 	 30929 	 867 	 30062 	 39.9 	 48.7 	 1.526468608 
92750.83333333333 	 30870 	 841 	 30029 	 25.0 	 48.7 	 1.527115776 
89371.5 	 30916 	 552 	 30364 	 33.3 	 48.4 	 1.519202304 
89371.5 	 30931 	 921 	 30010 	 50.0 	 48.7 	 1.526468608 
92744.83333333333 	 28448 	 536 	 27912 	 33.3 	 48.7 	 1.528029184 
92756.83333333333 	 28444 	 379 	 28065 	 33.3 	 48.7 	 1.527660544 
92766.83333333333 	 29450 	 184 	 29266 	 33.3 	 48.7 	 1.527115776 
92744.83333333333 	 28417 	 327 	 28090 	 19.7 	 48.7 	 1.527660544 
92750.83333333333 	 29493 	 423 	 29070 	 33.3 	 48.7 	 1.527115776 
89371.5 	 29422 	 710 	 28712 	 25.0 	 48.7 	 1.527435264 
92756.83333333333 	 29468 	 317 	 29151 	 27.6 	 48.7 	 1.527115776 
89371.5 	 29513 	 735 	 28778 	 26.2 	 48.7 	 1.527435264 
92744.83333333333 	 29447 	 552 	 28895 	 50.0 	 48.7 	 1.527435264 
92750.83333333333 	 29463 	 525 	 28938 	 33.3 	 48.7 	 1.527435264 
89371.5 	 28471 	 334 	 28137 	 33.3 	 48.7 	 1.527660544 
89371.5 	 29494 	 488 	 29006 	 35.4 	 48.7 	 1.527435264 
89371.5 	 28494 	 507 	 27987 	 27.6 	 48.7 	 1.528029184 
89367.5 	 30302 	 539 	 29763 	 25.0 	 48.7 	 1.528553472 
92744.83333333333 	 30332 	 426 	 29906 	 28.3 	 48.7 	 1.528553472 
89371.5 	 31339 	 733 	 30606 	 21.8 	 48.7 	 1.528029184 
89367.5 	 31326 	 515 	 30811 	 50.0 	 48.7 	 1.528029184 
89367.5 	 30374 	 188 	 30186 	 23.9 	 48.7 	 1.528295424 
89371.5 	 31309 	 589 	 30720 	 25.0 	 48.7 	 1.528553472 
89371.5 	 30395 	 405 	 29990 	 14.3 	 48.7 	 1.528295424 
92744.83333333333 	 32308 	 581 	 31727 	 33.3 	 48.7 	 1.528029184 
92744.83333333333 	 30373 	 331 	 30042 	 70.6 	 48.7 	 1.528295424 
92744.83333333333 	 29368 	 319 	 29049 	 20.6 	 48.8 	 1.529196544 
92744.83333333333 	 31320 	 454 	 30866 	 50.0 	 48.7 	 1.528553472 
92750.83333333333 	 30345 	 380 	 29965 	 17.7 	 48.8 	 1.529196544 
89371.5 	 31420 	 545 	 30875 	 25.0 	 48.7 	 1.528029184 
89371.5 	 32306 	 712 	 31594 	 31.9 	 48.8 	 1.529982976 
92744.83333333333 	 32340 	 472 	 31868 	 21.1 	 48.8 	 1.529982976 
89371.5 	 33325 	 862 	 32463 	 50.0 	 48.8 	 1.52991744 
92750.83333333333 	 33319 	 859 	 32460 	 36.4 	 48.8 	 1.52991744 
92760.83333333333 	 32392 	 490 	 31902 	 33.3 	 48.8 	 1.529196544 
92756.83333333333 	 32409 	 505 	 31904 	 33.3 	 48.8 	 1.529196544 
89367.5 	 33382 	 697 	 32685 	 25.0 	 48.8 	 1.529196544 
92760.83333333333 	 32433 	 684 	 31749 	 27.0 	 48.8 	 1.529196544 
89367.5 	 31409 	 459 	 30950 	 50.0 	 48.8 	 1.529982976 
89367.5 	 32395 	 667 	 31728 	 50.0 	 48.8 	 1.52991744 
89371.5 	 33388 	 705 	 32683 	 33.3 	 48.8 	 1.529196544 
89367.5 	 32372 	 200 	 32172 	 23.5 	 48.8 	 1.52991744 
92744.83333333333 	 32453 	 678 	 31775 	 50.0 	 48.8 	 1.529196544 
89371.5 	 34252 	 715 	 33537 	 33.3 	 48.8 	 1.530466304 
89367.5 	 33286 	 191 	 33095 	 31.5 	 48.8 	 1.530949632 
92756.83333333333 	 34233 	 527 	 33706 	 27.1 	 48.8 	 1.530466304 
92756.83333333333 	 34261 	 170 	 34091 	 33.3 	 48.8 	 1.530318848 
92744.83333333333 	 33323 	 653 	 32670 	 28.7 	 48.8 	 1.530466304 
92750.83333333333 	 35261 	 941 	 34320 	 50.0 	 48.8 	 1.530318848 
92744.83333333333 	 34245 	 317 	 33928 	 34.3 	 48.8 	 1.530466304 
92744.83333333333 	 34299 	 973 	 33326 	 52.6 	 48.8 	 1.530318848 
89371.5 	 34348 	 782 	 33566 	 56.4 	 48.8 	 1.530318848 
89371.5 	 34341 	 931 	 33410 	 25.0 	 48.8 	 1.530318848 
92750.83333333333 	 34335 	 704 	 33631 	 33.3 	 48.8 	 1.529982976 
92744.83333333333 	 34287 	 179 	 34108 	 31.0 	 48.8 	 1.530318848 
89371.5 	 33355 	 391 	 32964 	 42.9 	 48.8 	 1.530466304 
92744.83333333333 	 40251 	 190 	 40061 	 33.3 	 48.8 	 1.530949632 
89367.5 	 40265 	 319 	 39946 	 100.0 	 48.8 	 1.530949632 
89371.5 	 38822 	 591 	 38231 	 23.4 	 48.8 	 1.53094144 
92744.83333333333 	 38998 	 432 	 38566 	 30.8 	 48.8 	 1.530949632 
89367.5 	 40246 	 376 	 39870 	 100.0 	 48.8 	 1.530949632 
92750.83333333333 	 38702 	 184 	 38518 	 31.3 	 48.8 	 1.530949632 
89371.5 	 40264 	 441 	 39823 	 40.5 	 48.8 	 1.530949632 
89367.5 	 40277 	 355 	 39922 	 41.0 	 48.8 	 1.530949632 
92744.83333333333 	 40314 	 192 	 40122 	 50.0 	 48.8 	 1.530949632 
92744.83333333333 	 39077 	 219 	 38858 	 30.0 	 48.8 	 1.530949632 
89371.5 	 40260 	 548 	 39712 	 25.0 	 48.8 	 1.530949632 
89371.5 	 38755 	 217 	 38538 	 25.3 	 48.8 	 1.530949632 
92744.83333333333 	 38863 	 694 	 38169 	 29.4 	 48.8 	 1.53094144 
89371.5 	 44426 	 349 	 44077 	 28.6 	 48.8 	 1.531408384 
92750.83333333333 	 44769 	 213 	 44556 	 33.3 	 48.8 	 1.531408384 
92744.83333333333 	 44406 	 472 	 43934 	 25.8 	 48.8 	 1.53141248 
89367.5 	 44481 	 570 	 43911 	 33.3 	 48.8 	 1.531408384 
92756.83333333333 	 44403 	 434 	 43969 	 30.0 	 48.8 	 1.53141248 
89367.5 	 44560 	 378 	 44182 	 28.6 	 48.8 	 1.531408384 
89371.5 	 44830 	 752 	 44078 	 34.9 	 48.8 	 1.531408384 
89367.5 	 44815 	 546 	 44269 	 33.3 	 48.8 	 1.531408384 
89367.5 	 44450 	 222 	 44228 	 30.9 	 48.8 	 1.53141248 
89367.5 	 43577 	 267 	 43310 	 23.4 	 48.8 	 1.53141248 
92744.83333333333 	 44561 	 545 	 44016 	 40.0 	 48.8 	 1.531408384 
89371.5 	 44850 	 206 	 44644 	 60.9 	 48.8 	 1.531408384 
92750.83333333333 	 44578 	 430 	 44148 	 27.3 	 48.8 	 1.531408384 
89371.5 	 52195 	 649 	 51546 	 33.3 	 48.8 	 1.53141248 
89371.5 	 52121 	 456 	 51665 	 26.2 	 48.9 	 1.532239872 
89371.5 	 52196 	 281 	 51915 	 25.9 	 48.9 	 1.532239872 
92750.83333333333 	 53147 	 1093 	 52054 	 75.0 	 48.8 	 1.53141248 
92744.83333333333 	 52184 	 314 	 51870 	 33.3 	 48.9 	 1.532239872 
92750.83333333333 	 51256 	 530 	 50726 	 40.0 	 48.9 	 1.532239872 
92756.83333333333 	 52247 	 544 	 51703 	 33.3 	 48.8 	 1.53141248 
92744.83333333333 	 51252 	 726 	 50526 	 75.4 	 48.9 	 1.532239872 
92744.83333333333 	 53099 	 663 	 52436 	 23.7 	 48.8 	 1.53141248 
89371.5 	 52196 	 684 	 51512 	 30.0 	 48.9 	 1.532239872 
92744.83333333333 	 52161 	 839 	 51322 	 33.3 	 48.9 	 1.532239872 
92744.83333333333 	 52191 	 536 	 51655 	 25.4 	 48.9 	 1.532239872 
89367.5 	 52224 	 649 	 51575 	 25.0 	 48.9 	 1.532239872 
92744.83333333333 	 54295 	 180 	 54115 	 33.3 	 48.9 	 1.532526592 
89367.5 	 53297 	 240 	 53057 	 33.3 	 48.9 	 1.532813312 
92744.83333333333 	 54284 	 176 	 54108 	 29.5 	 48.9 	 1.532895232 
89367.5 	 54279 	 261 	 54018 	 33.3 	 48.9 	 1.532895232 
92750.83333333333 	 53288 	 178 	 53110 	 24.1 	 48.9 	 1.532813312 
89371.5 	 54447 	 726 	 53721 	 50.0 	 48.9 	 1.532895232 
89371.5 	 53419 	 375 	 53044 	 31.1 	 48.9 	 1.533145088 
92744.83333333333 	 54463 	 148 	 54315 	 23.4 	 48.9 	 1.532526592 
89367.5 	 54385 	 406 	 53979 	 22.2 	 48.9 	 1.532895232 
92750.83333333333 	 54376 	 453 	 53923 	 27.0 	 48.9 	 1.532895232 
92750.83333333333 	 53493 	 240 	 53253 	 23.3 	 48.9 	 1.532895232 
89371.5 	 54408 	 419 	 53989 	 33.3 	 48.9 	 1.532895232 
89371.5 	 53495 	 532 	 52963 	 100.0 	 48.9 	 1.532895232 
89371.5 	 55100 	 547 	 54553 	 50.0 	 48.9 	 1.53335808 
89367.5 	 56084 	 574 	 55510 	 33.3 	 48.9 	 1.533403136 
89371.5 	 55161 	 274 	 54887 	 29.8 	 48.9 	 1.533403136 
92750.83333333333 	 56077 	 927 	 55150 	 47.9 	 48.9 	 1.53335808 
92744.83333333333 	 55180 	 581 	 54599 	 24.2 	 48.9 	 1.53335808 
89371.5 	 56172 	 427 	 55745 	 33.3 	 48.9 	 1.533145088 
89371.5 	 56101 	 497 	 55604 	 100.0 	 48.9 	 1.533403136 
89371.5 	 55151 	 613 	 54538 	 20.0 	 48.9 	 1.53335808 
92756.83333333333 	 55137 	 546 	 54591 	 33.3 	 48.9 	 1.53335808 
92744.83333333333 	 55223 	 736 	 54487 	 33.3 	 48.9 	 1.53335808 
89371.5 	 56185 	 1150 	 55035 	 32.7 	 48.9 	 1.533517824 
89371.5 	 55232 	 430 	 54802 	 33.3 	 48.9 	 1.53335808 
92766.83333333333 	 54273 	 657 	 53616 	 25.0 	 48.9 	 1.533517824 
92750.83333333333 	 57345 	 492 	 56853 	 33.3 	 48.9 	 1.533915136 
89371.5 	 57369 	 388 	 56981 	 33.3 	 48.9 	 1.533755392 
89371.5 	 58382 	 840 	 57542 	 28.6 	 48.9 	 1.533517824 
89367.5 	 56405 	 196 	 56209 	 50.0 	 48.9 	 1.533915136 
89367.5 	 58365 	 861 	 57504 	 20.0 	 48.9 	 1.533517824 
89371.5 	 57379 	 388 	 56991 	 33.3 	 48.9 	 1.533755392 
92750.83333333333 	 57461 	 893 	 56568 	 26.2 	 48.9 	 1.533517824 
89367.5 	 57425 	 791 	 56634 	 30.9 	 48.9 	 1.533915136 
92750.83333333333 	 57420 	 884 	 56536 	 27.3 	 48.9 	 1.533915136 
92766.83333333333 	 56475 	 187 	 56288 	 23.3 	 48.9 	 1.533915136 
92744.83333333333 	 58448 	 1376 	 57072 	 25.0 	 48.9 	 1.533755392 
89371.5 	 57463 	 626 	 56837 	 32.0 	 48.9 	 1.533915136 
92744.83333333333 	 57458 	 633 	 56825 	 50.0 	 48.9 	 1.533915136 
89371.5 	 59198 	 1116 	 58082 	 26.9 	 49.1 	 1.540665344 
89367.5 	 59181 	 438 	 58743 	 27.4 	 49.2 	 1.541300224 
89371.5 	 59273 	 344 	 58929 	 27.3 	 48.9 	 1.533923328 
89371.5 	 59217 	 210 	 59007 	 60.0 	 49.1 	 1.541046272 
89371.5 	 58253 	 523 	 57730 	 30.7 	 49.2 	 1.541554176 
92744.83333333333 	 60222 	 435 	 59787 	 14.3 	 48.9 	 1.533923328 
92744.83333333333 	 59311 	 808 	 58503 	 23.3 	 48.9 	 1.533923328 
89371.5 	 59254 	 324 	 58930 	 28.6 	 48.9 	 1.533923328 
92750.83333333333 	 59276 	 700 	 58576 	 25.6 	 48.9 	 1.533923328 
92750.83333333333 	 58290 	 467 	 57823 	 33.3 	 49.2 	 1.541300224 
89371.5 	 58326 	 631 	 57695 	 20.0 	 49.2 	 1.541554176 
89371.5 	 58307 	 427 	 57880 	 33.3 	 49.2 	 1.541300224 
89371.5 	 59319 	 671 	 58648 	 28.6 	 48.9 	 1.533923328 
89371.5 	 64639 	 678 	 63961 	 66.7 	 49.2 	 1.541554176 
92756.83333333333 	 64675 	 655 	 64020 	 33.3 	 49.2 	 1.541554176 
92750.83333333333 	 64628 	 555 	 64073 	 27.2 	 49.2 	 1.542324224 
89367.5 	 63707 	 329 	 63378 	 29.4 	 49.2 	 1.54216448 
92750.83333333333 	 64709 	 827 	 63882 	 29.5 	 49.2 	 1.541681152 
89371.5 	 63672 	 813 	 62859 	 27.5 	 49.2 	 1.542316032 
89371.5 	 63647 	 599 	 63048 	 33.3 	 49.2 	 1.542324224 
92744.83333333333 	 64662 	 189 	 64473 	 30.9 	 49.2 	 1.54216448 
92744.83333333333 	 63693 	 782 	 62911 	 30.9 	 49.2 	 1.542316032 
92772.83333333333 	 63743 	 335 	 63408 	 33.3 	 49.2 	 1.54216448 
89367.5 	 63670 	 534 	 63136 	 33.3 	 49.2 	 1.542324224 
92744.83333333333 	 64686 	 396 	 64290 	 100.0 	 49.2 	 1.54216448 
89371.5 	 63726 	 818 	 62908 	 29.4 	 49.2 	 1.542316032 
89367.5 	 71154 	 623 	 70531 	 25.0 	 49.2 	 1.543122944 
92744.83333333333 	 71182 	 568 	 70614 	 33.3 	 49.2 	 1.543122944 
92744.83333333333 	 71156 	 1225 	 69931 	 28.4 	 49.2 	 1.543712768 
89371.5 	 71240 	 645 	 70595 	 26.3 	 49.2 	 1.543122944 
89367.5 	 71233 	 638 	 70595 	 27.8 	 49.2 	 1.543122944 
89371.5 	 72201 	 936 	 71265 	 33.3 	 49.2 	 1.542316032 
92744.83333333333 	 71281 	 244 	 71037 	 27.0 	 49.2 	 1.542975488 
89371.5 	 71233 	 331 	 70902 	 33.3 	 49.2 	 1.543122944 
89371.5 	 71284 	 454 	 70830 	 25.0 	 49.2 	 1.543122944 
89371.5 	 71283 	 468 	 70815 	 39.6 	 49.2 	 1.543122944 
92744.83333333333 	 72306 	 946 	 71360 	 27.8 	 49.2 	 1.542316032 
92750.83333333333 	 71258 	 1000 	 70258 	 28.3 	 49.2 	 1.543122944 
92756.83333333333 	 72305 	 1178 	 71127 	 23.8 	 49.2 	 1.542316032 
92750.83333333333 	 76424 	 721 	 75703 	 33.3 	 49.2 	 1.544052736 
92756.83333333333 	 76404 	 723 	 75681 	 33.3 	 49.2 	 1.544052736 
89371.5 	 76410 	 715 	 75695 	 30.2 	 49.2 	 1.544052736 
89371.5 	 76425 	 534 	 75891 	 33.3 	 49.2 	 1.543892992 
89367.5 	 76480 	 503 	 75977 	 29.2 	 49.2 	 1.543733248 
89367.5 	 76434 	 492 	 75942 	 50.0 	 49.2 	 1.543733248 
89371.5 	 76444 	 221 	 76223 	 29.2 	 49.2 	 1.544052736 
89371.5 	 76440 	 443 	 75997 	 22.7 	 49.2 	 1.543974912 
89371.5 	 76522 	 270 	 76252 	 26.3 	 49.2 	 1.543733248 
89371.5 	 76438 	 671 	 75767 	 25.5 	 49.2 	 1.543974912 
92750.83333333333 	 6269 	 447 	 5822 	 14.3 	 44.5 	 1.396916224 
92750.83333333333 	 7218 	 952 	 6266 	 33.3 	 44.1 	 1.38369024 
89371.5 	 7334 	 1130 	 6204 	 33.3 	 44.1 	 1.383944192 
89367.5 	 7331 	 1031 	 6300 	 33.3 	 44.1 	 1.381912576 
92744.83333333333 	 7304 	 838 	 6466 	 6.2 	 43.6 	 1.366040576 
89371.5 	 7265 	 946 	 6319 	 50.0 	 44.1 	 1.38369024 
89371.5 	 7301 	 492 	 6809 	 2.7 	 43.4 	 1.36042496 
92744.83333333333 	 7338 	 1058 	 6280 	 33.3 	 44.1 	 1.383944192 
92744.83333333333 	 6359 	 274 	 6085 	 15.0 	 44.3 	 1.390567424 
92756.83333333333 	 6336 	 224 	 6112 	 8.6 	 44.2 	 1.38752 
89367.5 	 7301 	 1471 	 5830 	 15.8 	 44.4 	 1.393614848 
92744.83333333333 	 7315 	 586 	 6729 	 8.3 	 43.5 	 1.36296448 
89367.5 	 7361 	 1020 	 6341 	 18.4 	 44.0 	 1.380896768 
92744.83333333333 	 8066 	 319 	 7747 	 35.7 	 46.0 	 1.443688448 
89367.5 	 8132 	 444 	 7688 	 22.2 	 46.6 	 1.462607872 
92756.83333333333 	 9065 	 1547 	 7518 	 25.0 	 46.2 	 1.450037248 
89371.5 	 9099 	 958 	 8141 	 15.9 	 44.9 	 1.409265664 
89371.5 	 9095 	 763 	 8332 	 10.5 	 44.8 	 1.405804544 
92744.83333333333 	 8144 	 225 	 7919 	 18.1 	 45.8 	 1.4375936 
89371.5 	 9148 	 568 	 8580 	 23.5 	 44.7 	 1.403011072 
89367.5 	 8159 	 244 	 7915 	 33.3 	 45.8 	 1.4375936 
89367.5 	 9173 	 531 	 8642 	 10.7 	 44.6 	 1.399963648 
92744.83333333333 	 8198 	 426 	 7772 	 33.3 	 46.6 	 1.462607872 
92744.83333333333 	 8129 	 756 	 7373 	 15.5 	 47.0 	 1.47542016 
92744.83333333333 	 9154 	 1153 	 8001 	 18.8 	 45.2 	 1.41867008 
89371.5 	 9142 	 1437 	 7705 	 33.3 	 45.8 	 1.4375936 
92744.83333333333 	 13863 	 209 	 13654 	 37.1 	 47.5 	 1.490067456 
92744.83333333333 	 14878 	 768 	 14110 	 100.0 	 47.0 	 1.47542016 
92750.83333333333 	 13895 	 960 	 12935 	 16.2 	 47.5 	 1.490542592 
89371.5 	 13948 	 340 	 13608 	 33.3 	 47.5 	 1.490067456 
89371.5 	 13923 	 601 	 13322 	 33.3 	 47.5 	 1.490321408 
89371.5 	 13935 	 423 	 13512 	 20.0 	 47.5 	 1.490067456 
92744.83333333333 	 14911 	 1037 	 13874 	 26.6 	 47.5 	 1.488830464 
89371.5 	 13885 	 955 	 12930 	 100.0 	 47.5 	 1.490542592 
89371.5 	 13927 	 579 	 13348 	 21.1 	 47.5 	 1.490321408 
89371.5 	 13910 	 581 	 13329 	 33.3 	 47.5 	 1.490321408 
89367.5 	 14885 	 287 	 14598 	 33.3 	 47.5 	 1.490067456 
92750.83333333333 	 14898 	 824 	 14074 	 30.0 	 47.3 	 1.481887744 
92744.83333333333 	 13979 	 288 	 13691 	 33.3 	 47.5 	 1.490067456 
92744.83333333333 	 16820 	 609 	 16211 	 22.3 	 47.8 	 1.49751808 
89367.5 	 18822 	 1081 	 17741 	 16.3 	 47.5 	 1.490542592 
89371.5 	 16887 	 285 	 16602 	 22.7 	 47.7 	 1.497034752 
92756.83333333333 	 17873 	 528 	 17345 	 42.9 	 47.6 	 1.491197952 
89371.5 	 17886 	 474 	 17412 	 33.3 	 47.6 	 1.491197952 
89371.5 	 17870 	 375 	 17495 	 33.3 	 47.5 	 1.491038208 
92750.83333333333 	 17916 	 475 	 17441 	 28.2 	 47.6 	 1.491197952 
89371.5 	 17866 	 370 	 17496 	 33.3 	 47.5 	 1.491038208 
92760.83333333333 	 17852 	 296 	 17556 	 33.3 	 47.7 	 1.497034752 
89371.5 	 17916 	 378 	 17538 	 18.1 	 47.5 	 1.491038208 
92744.83333333333 	 17875 	 728 	 17147 	 16.9 	 47.6 	 1.493209088 
92744.83333333333 	 18062 	 844 	 17218 	 22.5 	 47.7 	 1.496256512 
92756.83333333333 	 17010 	 1035 	 15975 	 33.3 	 47.8 	 1.497522176 
92750.83333333333 	 17060 	 890 	 16170 	 100.0 	 47.8 	 1.497522176 
92750.83333333333 	 16057 	 741 	 15316 	 17.1 	 47.8 	 1.497698304 
89367.5 	 18101 	 486 	 17615 	 33.3 	 47.6 	 1.491197952 
89371.5 	 17061 	 1125 	 15936 	 33.3 	 47.8 	 1.497522176 
92744.83333333333 	 17056 	 839 	 16217 	 66.7 	 47.8 	 1.497522176 
92750.83333333333 	 17032 	 830 	 16202 	 16.7 	 47.8 	 1.497874432 
89371.5 	 16092 	 609 	 15483 	 33.3 	 47.8 	 1.497522176 
89371.5 	 17116 	 862 	 16254 	 33.3 	 47.8 	 1.497522176 
89371.5 	 17087 	 661 	 16426 	 33.3 	 47.8 	 1.49751808 
89367.5 	 17137 	 686 	 16451 	 33.3 	 47.8 	 1.49751808 
89371.5 	 16143 	 385 	 15758 	 24.7 	 47.8 	 1.497522176 
89367.5 	 16134 	 785 	 15349 	 25.0 	 47.8 	 1.497874432 
89371.5 	 16117 	 572 	 15545 	 24.6 	 47.8 	 1.497522176 
89371.5 	 22317 	 910 	 21407 	 20.5 	 47.8 	 1.497874432 
89367.5 	 17748 	 655 	 17093 	 23.1 	 48.1 	 1.507557376 
89367.5 	 16770 	 344 	 16426 	 24.1 	 48.1 	 1.508130816 
92750.83333333333 	 22274 	 625 	 21649 	 54.5 	 48.1 	 1.507098624 
89371.5 	 22306 	 486 	 21820 	 100.0 	 47.8 	 1.500495872 
89367.5 	 17789 	 323 	 17466 	 33.3 	 47.8 	 1.500495872 
92744.83333333333 	 22332 	 481 	 21851 	 33.3 	 47.8 	 1.500495872 
92744.83333333333 	 17784 	 476 	 17308 	 17.4 	 48.1 	 1.508130816 
89371.5 	 17850 	 273 	 17577 	 16.0 	 48.1 	 1.508130816 
89367.5 	 17910 	 671 	 17239 	 34.4 	 48.1 	 1.507557376 
92744.83333333333 	 17885 	 432 	 17453 	 100.0 	 48.1 	 1.507098624 
92750.83333333333 	 17906 	 810 	 17096 	 27.1 	 48.1 	 1.507926016 
89371.5 	 22430 	 258 	 22172 	 24.0 	 47.8 	 1.500495872 
92750.83333333333 	 25484 	 304 	 25180 	 33.3 	 48.1 	 1.508872192 
89367.5 	 24508 	 744 	 23764 	 33.3 	 48.1 	 1.508806656 
89371.5 	 25492 	 293 	 25199 	 33.3 	 48.1 	 1.508872192 
92744.83333333333 	 26459 	 614 	 25845 	 40.0 	 48.1 	 1.50829056 
92750.83333333333 	 25532 	 522 	 25010 	 17.5 	 48.1 	 1.508614144 
89371.5 	 25550 	 726 	 24824 	 17.4 	 48.1 	 1.508614144 
92744.83333333333 	 26483 	 832 	 25651 	 31.2 	 48.1 	 1.508614144 
89371.5 	 24560 	 644 	 23916 	 20.7 	 48.1 	 1.508806656 
89367.5 	 26504 	 675 	 25829 	 30.0 	 48.1 	 1.50829056 
92744.83333333333 	 24577 	 665 	 23912 	 37.5 	 48.1 	 1.508806656 
89371.5 	 25502 	 273 	 25229 	 22.7 	 48.1 	 1.508872192 
92750.83333333333 	 25562 	 355 	 25207 	 20.0 	 48.1 	 1.50829056 
92744.83333333333 	 25505 	 885 	 24620 	 31.0 	 48.2 	 1.512361984 
89367.5 	 27786 	 916 	 26870 	 100.0 	 48.2 	 1.51277568 
92756.83333333333 	 27794 	 262 	 27532 	 27.0 	 48.3 	 1.513095168 
92744.83333333333 	 27744 	 427 	 27317 	 22.7 	 48.3 	 1.513181184 
92744.83333333333 	 26814 	 483 	 26331 	 33.3 	 48.3 	 1.51339008 
92750.83333333333 	 26797 	 478 	 26319 	 22.2 	 48.3 	 1.51339008 
92760.83333333333 	 26852 	 232 	 26620 	 25.0 	 48.3 	 1.51339008 
89367.5 	 27786 	 629 	 27157 	 26.3 	 48.3 	 1.513181184 
89367.5 	 27808 	 796 	 27012 	 33.3 	 48.3 	 1.51339008 
89371.5 	 27814 	 280 	 27534 	 33.3 	 48.3 	 1.513095168 
89371.5 	 28827 	 884 	 27943 	 100.0 	 48.2 	 1.51277568 
92744.83333333333 	 27864 	 262 	 27602 	 50.0 	 48.3 	 1.513095168 
89371.5 	 26909 	 498 	 26411 	 100.0 	 48.3 	 1.51339008 
92756.83333333333 	 28863 	 887 	 27976 	 100.0 	 48.2 	 1.512615936 
92750.83333333333 	 29517 	 705 	 28812 	 18.0 	 48.3 	 1.51339008 
89367.5 	 28531 	 284 	 28247 	 22.1 	 48.3 	 1.514061824 
89371.5 	 28546 	 557 	 27989 	 33.3 	 48.3 	 1.514061824 
89367.5 	 29457 	 873 	 28584 	 33.3 	 48.3 	 1.514266624 
89371.5 	 28535 	 397 	 28138 	 50.0 	 48.3 	 1.514061824 
92744.83333333333 	 29521 	 500 	 29021 	 33.3 	 48.3 	 1.51339008 
89367.5 	 28504 	 313 	 28191 	 61.8 	 48.4 	 1.51738368 
92744.83333333333 	 28530 	 528 	 28002 	 31.8 	 48.3 	 1.514061824 
89367.5 	 28559 	 624 	 27935 	 26.8 	 48.3 	 1.514266624 
92756.83333333333 	 28499 	 303 	 28196 	 26.8 	 48.3 	 1.514364928 
89371.5 	 29532 	 500 	 29032 	 33.3 	 48.3 	 1.514061824 
92744.83333333333 	 29517 	 305 	 29212 	 33.3 	 48.3 	 1.514061824 
92744.83333333333 	 29535 	 877 	 28658 	 22.0 	 48.3 	 1.514266624 
89367.5 	 30786 	 384 	 30402 	 25.2 	 48.4 	 1.517780992 
89371.5 	 30723 	 261 	 30462 	 20.0 	 48.4 	 1.518358528 
92750.83333333333 	 29759 	 520 	 29239 	 23.6 	 48.4 	 1.518358528 
89371.5 	 30772 	 589 	 30183 	 15.4 	 48.4 	 1.518051328 
92744.83333333333 	 30810 	 630 	 30180 	 33.3 	 48.4 	 1.518051328 
89371.5 	 31761 	 690 	 31071 	 100.0 	 48.4 	 1.517780992 
89371.5 	 31793 	 310 	 31483 	 33.3 	 48.4 	 1.51738368 
92750.83333333333 	 30802 	 408 	 30394 	 22.9 	 48.4 	 1.517780992 
89367.5 	 30785 	 247 	 30538 	 24.2 	 48.4 	 1.518358528 
89371.5 	 31769 	 941 	 30828 	 25.9 	 48.4 	 1.518051328 
92750.83333333333 	 30844 	 377 	 30467 	 33.3 	 48.4 	 1.517780992 
92756.83333333333 	 30829 	 624 	 30205 	 42.9 	 48.4 	 1.518051328 
92756.83333333333 	 30772 	 342 	 30430 	 100.0 	 48.4 	 1.518358528 
92756.83333333333 	 32593 	 833 	 31760 	 50.0 	 48.4 	 1.518358528 
92756.83333333333 	 32557 	 892 	 31665 	 33.3 	 48.6 	 1.524707328 
89371.5 	 32543 	 643 	 31900 	 33.3 	 48.6 	 1.524707328 
92750.83333333333 	 32528 	 636 	 31892 	 20.4 	 48.7 	 1.525714944 
89367.5 	 32622 	 754 	 31868 	 29.5 	 48.4 	 1.518358528 
92766.83333333333 	 31598 	 270 	 31328 	 33.3 	 48.6 	 1.525526528 
89367.5 	 32555 	 455 	 32100 	 33.3 	 48.4 	 1.518358528 
89371.5 	 33576 	 662 	 32914 	 33.3 	 48.4 	 1.518358528 
89367.5 	 32600 	 659 	 31941 	 46.2 	 48.6 	 1.524707328 
92744.83333333333 	 32628 	 574 	 32054 	 28.6 	 48.4 	 1.518358528 
92744.83333333333 	 31665 	 264 	 31401 	 27.8 	 48.6 	 1.525526528 
89367.5 	 31660 	 275 	 31385 	 50.0 	 48.6 	 1.525526528 
92744.83333333333 	 32654 	 757 	 31897 	 50.0 	 48.4 	 1.518358528 
89371.5 	 37869 	 1183 	 36686 	 33.3 	 48.7 	 1.526075392 
89367.5 	 37896 	 1704 	 36192 	 33.3 	 48.7 	 1.526960128 
89371.5 	 37941 	 624 	 37317 	 25.0 	 48.7 	 1.525714944 
89367.5 	 37929 	 1849 	 36080 	 40.0 	 48.7 	 1.526960128 
89371.5 	 36954 	 459 	 36495 	 33.3 	 48.7 	 1.526960128 
89371.5 	 36907 	 738 	 36169 	 40.0 	 48.7 	 1.526960128 
92750.83333333333 	 37909 	 404 	 37505 	 30.6 	 48.7 	 1.526960128 
92756.83333333333 	 37966 	 1303 	 36663 	 19.8 	 48.7 	 1.526075392 
92750.83333333333 	 37938 	 1221 	 36717 	 66.7 	 48.7 	 1.526075392 
92744.83333333333 	 36953 	 873 	 36080 	 33.3 	 48.7 	 1.526960128 
89367.5 	 36949 	 799 	 36150 	 33.3 	 48.7 	 1.526960128 
92756.83333333333 	 37023 	 416 	 36607 	 33.3 	 48.7 	 1.526960128 
89371.5 	 36987 	 822 	 36165 	 33.3 	 48.7 	 1.526960128 
92750.83333333333 	 43555 	 595 	 42960 	 23.5 	 49.0 	 1.535025152 
89371.5 	 45469 	 379 	 45090 	 22.4 	 48.7 	 1.527988224 
89367.5 	 44560 	 641 	 43919 	 100.0 	 48.9 	 1.534844928 
89367.5 	 44535 	 790 	 43745 	 16.7 	 48.9 	 1.534844928 
89367.5 	 44487 	 597 	 43890 	 50.0 	 49.0 	 1.535025152 
92756.83333333333 	 44579 	 579 	 44000 	 40.8 	 48.7 	 1.52875008 
92750.83333333333 	 45566 	 816 	 44750 	 33.3 	 48.7 	 1.526960128 
89367.5 	 44559 	 432 	 44127 	 70.6 	 48.9 	 1.534337024 
92750.83333333333 	 45544 	 1038 	 44506 	 33.3 	 48.7 	 1.526960128 
89371.5 	 44546 	 265 	 44281 	 23.5 	 49.0 	 1.535025152 
89371.5 	 45519 	 683 	 44836 	 33.3 	 48.9 	 1.534844928 
89367.5 	 44564 	 359 	 44205 	 26.4 	 49.0 	 1.535025152 
89367.5 	 44600 	 554 	 44046 	 31.8 	 48.9 	 1.534844928 
89367.5 	 44557 	 296 	 44261 	 33.3 	 49.0 	 1.535025152 
92756.83333333333 	 50560 	 285 	 50275 	 66.7 	 49.0 	 1.535070208 
92744.83333333333 	 50545 	 630 	 49915 	 20.0 	 49.0 	 1.535070208 
89367.5 	 49574 	 305 	 49269 	 27.9 	 49.1 	 1.54085376 
92744.83333333333 	 50539 	 244 	 50295 	 9.1 	 49.0 	 1.535070208 
89371.5 	 49603 	 422 	 49181 	 13.6 	 49.1 	 1.54085376 
92744.83333333333 	 49617 	 527 	 49090 	 45.3 	 49.1 	 1.54085376 
89367.5 	 50601 	 777 	 49824 	 26.4 	 49.0 	 1.535070208 
92744.83333333333 	 50564 	 423 	 50141 	 33.3 	 49.0 	 1.535070208 
89371.5 	 50627 	 780 	 49847 	 33.3 	 49.0 	 1.535070208 
89371.5 	 51553 	 681 	 50872 	 15.4 	 49.0 	 1.535025152 
92750.83333333333 	 50555 	 361 	 50194 	 26.5 	 49.0 	 1.535070208 
89371.5 	 49625 	 532 	 49093 	 65.9 	 49.2 	 1.542377472 
89371.5 	 50608 	 269 	 50339 	 23.8 	 49.0 	 1.535070208 
89371.5 	 52744 	 613 	 52131 	 21.5 	 49.2 	 1.542602752 
89371.5 	 51801 	 292 	 51509 	 33.3 	 49.2 	 1.5429632 
89371.5 	 51814 	 391 	 51423 	 21.9 	 49.2 	 1.5429632 
89371.5 	 52798 	 915 	 51883 	 24.3 	 49.2 	 1.542377472 
89367.5 	 51771 	 524 	 51247 	 28.3 	 49.2 	 1.5429632 
92750.83333333333 	 52789 	 371 	 52418 	 23.3 	 49.2 	 1.542602752 
89367.5 	 52808 	 615 	 52193 	 50.0 	 49.2 	 1.542602752 
89367.5 	 52816 	 392 	 52424 	 33.3 	 49.2 	 1.542602752 
92744.83333333333 	 53797 	 559 	 53238 	 100.0 	 49.2 	 1.542377472 
89367.5 	 52852 	 911 	 51941 	 33.3 	 49.2 	 1.542377472 
92750.83333333333 	 51837 	 349 	 51488 	 33.3 	 49.2 	 1.5429632 
89371.5 	 51901 	 765 	 51136 	 33.3 	 49.2 	 1.542602752 
92756.83333333333 	 51897 	 723 	 51174 	 27.6 	 49.2 	 1.542602752 
92750.83333333333 	 53463 	 350 	 53113 	 22.3 	 49.2 	 1.543622656 
89371.5 	 54468 	 894 	 53574 	 33.3 	 49.2 	 1.543692288 
89371.5 	 53520 	 699 	 52821 	 33.3 	 49.2 	 1.5429632 
92744.83333333333 	 53516 	 890 	 52626 	 33.3 	 49.2 	 1.543692288 
89371.5 	 54460 	 903 	 53557 	 27.6 	 49.2 	 1.543692288 
92756.83333333333 	 53462 	 737 	 52725 	 68.6 	 49.4 	 1.548005376 
92744.83333333333 	 53516 	 357 	 53159 	 100.0 	 49.2 	 1.543622656 
92744.83333333333 	 53447 	 789 	 52658 	 28.6 	 49.4 	 1.548005376 
89371.5 	 52532 	 828 	 51704 	 33.3 	 49.4 	 1.548005376 
92744.83333333333 	 54526 	 652 	 53874 	 10.5 	 49.2 	 1.5429632 
92744.83333333333 	 53474 	 616 	 52858 	 28.3 	 49.2 	 1.5437824 
92744.83333333333 	 53530 	 744 	 52786 	 100.0 	 49.2 	 1.5437824 
89371.5 	 54471 	 904 	 53567 	 28.6 	 49.2 	 1.543692288 
89367.5 	 54703 	 489 	 54214 	 24.7 	 49.4 	 1.549316096 
89371.5 	 55740 	 775 	 54965 	 33.3 	 49.4 	 1.548939264 
92750.83333333333 	 55771 	 553 	 55218 	 23.1 	 49.4 	 1.548673024 
92750.83333333333 	 56758 	 942 	 55816 	 33.3 	 49.4 	 1.548005376 
89367.5 	 54791 	 251 	 54540 	 100.0 	 49.4 	 1.549131776 
89367.5 	 55804 	 1021 	 54783 	 27.3 	 49.4 	 1.548005376 
92750.83333333333 	 55770 	 331 	 55439 	 23.0 	 49.4 	 1.548673024 
89371.5 	 55785 	 807 	 54978 	 25.5 	 49.4 	 1.548939264 
92744.83333333333 	 55759 	 563 	 55196 	 50.0 	 49.4 	 1.548673024 
89367.5 	 56762 	 935 	 55827 	 33.3 	 49.4 	 1.548005376 
92744.83333333333 	 55745 	 251 	 55494 	 100.0 	 49.4 	 1.549131776 
92744.83333333333 	 54810 	 638 	 54172 	 30.0 	 49.4 	 1.549316096 
89367.5 	 55768 	 330 	 55438 	 22.7 	 49.4 	 1.549131776 
89371.5 	 56527 	 850 	 55677 	 100.0 	 49.4 	 1.550012416 
92756.83333333333 	 56542 	 719 	 55823 	 33.3 	 49.4 	 1.550012416 
92744.83333333333 	 57469 	 866 	 56603 	 100.0 	 49.4 	 1.550012416 
92744.83333333333 	 56547 	 882 	 55665 	 33.3 	 49.4 	 1.550012416 
89367.5 	 57543 	 407 	 57136 	 22.5 	 49.4 	 1.550012416 
89371.5 	 57537 	 872 	 56665 	 42.2 	 49.4 	 1.550012416 
92750.83333333333 	 57599 	 648 	 56951 	 33.3 	 49.4 	 1.549316096 
89371.5 	 57541 	 451 	 57090 	 33.3 	 49.4 	 1.550012416 
92750.83333333333 	 57534 	 860 	 56674 	 25.0 	 49.4 	 1.550012416 
89371.5 	 56568 	 240 	 56328 	 26.1 	 49.4 	 1.55062272 
92744.83333333333 	 56620 	 499 	 56121 	 32.9 	 49.4 	 1.550012416 
92744.83333333333 	 58536 	 697 	 57839 	 66.7 	 49.4 	 1.549316096 
89367.5 	 57569 	 891 	 56678 	 33.3 	 49.4 	 1.550012416 
92744.83333333333 	 61458 	 666 	 60792 	 33.3 	 49.5 	 1.550774272 
89371.5 	 61436 	 419 	 61017 	 22.7 	 49.5 	 1.550774272 
89367.5 	 62485 	 662 	 61823 	 25.0 	 49.4 	 1.55062272 
89371.5 	 62468 	 459 	 62009 	 33.3 	 49.4 	 1.55062272 
89367.5 	 62454 	 473 	 61981 	 33.3 	 49.4 	 1.55062272 
92744.83333333333 	 61539 	 889 	 60650 	 22.1 	 49.5 	 1.550774272 
92756.83333333333 	 62474 	 626 	 61848 	 50.0 	 49.4 	 1.55062272 
89367.5 	 60545 	 628 	 59917 	 25.8 	 49.5 	 1.550774272 
92756.83333333333 	 61540 	 324 	 61216 	 33.3 	 49.4 	 1.55062272 
92744.83333333333 	 60542 	 824 	 59718 	 30.5 	 49.5 	 1.551118336 
92744.83333333333 	 61525 	 716 	 60809 	 28.6 	 49.5 	 1.550774272 
92766.83333333333 	 61541 	 663 	 60878 	 32.1 	 49.5 	 1.550774272 
89371.5 	 62469 	 446 	 62023 	 33.0 	 49.4 	 1.55062272 
89371.5 	 64493 	 757 	 63736 	 33.3 	 49.5 	 1.55201536 
89367.5 	 66484 	 887 	 65597 	 33.3 	 49.5 	 1.551310848 
89371.5 	 65466 	 777 	 64689 	 33.3 	 49.5 	 1.55201536 
92744.83333333333 	 66474 	 879 	 65595 	 100.0 	 49.5 	 1.551310848 
92744.83333333333 	 64547 	 901 	 63646 	 50.0 	 49.5 	 1.55201536 
92744.83333333333 	 66513 	 835 	 65678 	 50.0 	 49.5 	 1.551118336 
92756.83333333333 	 65472 	 760 	 64712 	 100.0 	 49.5 	 1.55201536 
89367.5 	 65528 	 781 	 64747 	 33.3 	 49.5 	 1.55201536 
89371.5 	 65537 	 1040 	 64497 	 33.3 	 49.5 	 1.551310848 
89371.5 	 65500 	 770 	 64730 	 33.3 	 49.5 	 1.55201536 
89367.5 	 65524 	 793 	 64731 	 33.3 	 49.5 	 1.55201536 
92750.83333333333 	 65517 	 773 	 64744 	 32.8 	 49.5 	 1.55201536 
89371.5 	 66479 	 825 	 65654 	 35.3 	 49.5 	 1.551310848 
92750.83333333333 	 69089 	 276 	 68813 	 28.2 	 49.5 	 1.55222016 
89367.5 	 69064 	 311 	 68753 	 28.0 	 49.5 	 1.55222016 
89371.5 	 70026 	 885 	 69141 	 33.3 	 49.5 	 1.55201536 
89371.5 	 68056 	 261 	 67795 	 36.4 	 49.5 	 1.552777216 
92744.83333333333 	 69042 	 512 	 68530 	 31.8 	 49.5 	 1.552551936 
89367.5 	 69094 	 644 	 68450 	 33.3 	 49.5 	 1.552551936 
89367.5 	 69037 	 849 	 68188 	 50.0 	 49.5 	 1.552551936 
92750.83333333333 	 68120 	 487 	 67633 	 41.7 	 49.5 	 1.55222016 
89367.5 	 69061 	 888 	 68173 	 33.3 	 49.5 	 1.552551936 
92750.83333333333 	 69075 	 690 	 68385 	 33.3 	 49.5 	 1.552551936 
89371.5 	 69100 	 860 	 68240 	 24.3 	 49.5 	 1.552551936 
89371.5 	 68108 	 280 	 67828 	 32.4 	 49.5 	 1.552777216 
92744.83333333333 	 68145 	 622 	 67523 	 50.0 	 49.5 	 1.552551936 
89371.5 	 69775 	 1117 	 68658 	 50.0 	 49.5 	 1.553240064 
92750.83333333333 	 70711 	 1580 	 69131 	 38.5 	 49.5 	 1.553539072 
89371.5 	 70741 	 1174 	 69567 	 33.3 	 49.5 	 1.553240064 
92744.83333333333 	 69778 	 1210 	 68568 	 29.3 	 49.5 	 1.553240064 
92744.83333333333 	 69768 	 517 	 69251 	 33.3 	 49.5 	 1.553539072 
92750.83333333333 	 70769 	 1348 	 69421 	 33.3 	 49.5 	 1.553240064 
89371.5 	 69823 	 1339 	 68484 	 50.0 	 49.5 	 1.553240064 
92750.83333333333 	 70803 	 741 	 70062 	 24.2 	 49.5 	 1.55283456 
89367.5 	 69767 	 503 	 69264 	 28.4 	 49.5 	 1.553539072 
92744.83333333333 	 69819 	 422 	 69397 	 34.6 	 49.5 	 1.552777216 
89371.5 	 69813 	 1127 	 68686 	 26.7 	 49.5 	 1.553240064 
89367.5 	 70797 	 1647 	 69150 	 100.0 	 49.5 	 1.553539072 
92760.83333333333 	 70845 	 1799 	 69046 	 26.2 	 49.5 	 1.553539072 
92756.83333333333 	 76496 	 979 	 75517 	 34.1 	 49.8 	 1.561747456 
89367.5 	 76500 	 881 	 75619 	 33.3 	 49.5 	 1.553539072 
89371.5 	 76456 	 1120 	 75336 	 33.3 	 49.8 	 1.561915392 
92744.83333333333 	 76497 	 1108 	 75389 	 33.3 	 49.8 	 1.561747456 
89371.5 	 76469 	 1151 	 75318 	 50.0 	 49.8 	 1.561915392 
89367.5 	 77462 	 1117 	 76345 	 33.3 	 49.8 	 1.561747456 
89371.5 	 76457 	 653 	 75804 	 62.5 	 49.8 	 1.561915392 
89371.5 	 76526 	 955 	 75571 	 45.5 	 49.5 	 1.561747456 
92756.83333333333 	 77488 	 2083 	 75405 	 25.4 	 49.8 	 1.561915392 
92744.83333333333 	 77513 	 1122 	 76391 	 100.0 	 49.8 	 1.561747456 
92756.83333333333 	 76519 	 695 	 75824 	 33.3 	 49.8 	 1.561915392 
92750.83333333333 	 76601 	 1342 	 75259 	 50.0 	 49.8 	 1.561747456 
92760.83333333333 	 76547 	 638 	 75909 	 28.9 	 49.8 	 1.561915392 
