timeFrame	TimeOverhead
2	8920
2	9050
2	8995
2	8997
2	9110
2	9045
2	9076
2	8997
2	9103
2	9125
2	9156
2	9142
2	9098
2	9182
2	9766
2	9858
2	9629
2	9864
2	9874
3	9238
2	10142
2	9861
2	9974
2	10253
3	9302
2	10073
2	10085
3	9267
2	9986
2	9976
2	10108
3	9447
2	10095
2	10331
2	10226
3	9328
3	9508
2	10331
2	10148
2	10269
2	10239
3	9532
2	10344
3	9496
3	9478
3	9519
3	9612
2	10382
2	10250
3	9571
2	10210
2	10448
2	10373
2	10534
3	9636
3	9621
2	10619
3	9718
3	9775
2	10304
2	10530
3	9813
3	9801
2	10389
2	10623
2	10471
2	10553
2	10380
3	20727
3	22376
4	21703
3	22396
4	21557
3	22235
3	22259
3	22394
3	22491
3	22355
4	21595
3	22368
4	21690
3	22549
4	21661
3	22604
3	22532
3	22584
3	22465
3	22298
3	22343
3	22449
3	22385
4	21711
3	22405
4	21802
3	22375
3	22459
4	21813
3	22526
3	22608
3	22686
3	22687
4	21850
3	22645
4	21883
3	22404
3	22478
4	21806
3	22524
3	22625
4	21903
3	22560
4	21989
4	21978
3	22822
4	22073
4	22031
5	34975
4	35677
4	35775
5	34757
4	35829
5	34819
5	34964
5	35030
4	35837
4	35832
5	34854
4	35782
4	35615
4	35741
5	35027
4	35759
5	35011
4	35727
4	35674
5	34937
5	35123
4	35930
5	34952
4	35939
4	35803
4	35908
5	35242
4	36069
4	35911
4	35836
5	35119
5	35165
4	35847
5	35111
4	35825
5	35280
5	35133
5	35176
5	35099
5	35245
4	35870
4	36059
5	35079
5	35159
5	35344
4	35977
4	36163
4	35883
5	35217
4	36163
4	35874
5	35178
4	36219
4	36171
4	36111
5	35273
5	35387
4	36235
4	36035
5	35349
4	36112
4	36025
6	34634
5	35354
6	34350
6	34742
6	34725
5	35424
5	35356
6	34371
5	35360
6	34706
5	35548
6	34584
6	34859
7	33861
7	33874
6	34632
6	34587
6	34686
6	34579
5	35730
5	35670
6	34683
5	35643
5	35663
5	35726
5	35768
6	34761
5	35689
7	34004
6	34774
5	35642
6	34745
6	34856
7	34065
7	34077
6	34726
6	35059
6	35120
6	35022
5	35849
6	34701
6	34943
7	34065
6	34695
6	34715
6	34986
7	34038
6	35050
6	34889
7	34131
6	34871
5	35780
6	34901
6	34882
5	35690
6	34923
6	35107
6	35016
7	34037
6	34797
5	35674
6	34948
6	35152
6	35112
6	34961
6	34762
6	35097
5	35856
6	34887
6	34729
6	34799
6	34681
6	35043
6	34814
6	35138
5	35815
7	34170
6	34730
6	35030
7	34102
5	35892
5	35709
5	35830
7	37599
7	39758
8	39063
8	39064
9	38027
9	37887
9	37830
9	38101
8	38933
9	37791
9	38091
7	39904
7	39783
7	39879
9	37931
8	38771
7	39916
7	39990
7	40013
8	39008
7	39967
9	37926
9	38076
8	38981
8	38832
8	39117
8	38818
9	37919
9	38137
8	39244
7	39932
9	38262
9	38285
7	39872
9	38169
8	38801
8	39242
9	37979
8	39268
7	39946
7	39990
8	39238
7	39965
8	39071
9	38053
7	40199
8	38899
9	38155
8	39007
8	39162
7	40095
9	38342
7	40213
9	38218
7	40179
8	38880
8	38953
7	40158
9	38142
8	39206
8	39222
8	39387
9	38054
8	38989
9	38178
9	38242
7	39910
7	40211
7	40243
7	39931
8	39403
7	40161
8	39069
7	39977
7	40156
8	39057
8	39244
9	38202
8	39208
7	40160
7	40346
7	40082
8	39392
7	40016
8	39316
8	39116
8	39181
8	39354
8	39155
9	38289
7	40018
7	40254
7	40111
9	38585
8	39568
7	40540
9	38495
8	39664
8	39707
9	38682
8	39378
8	39505
8	39265
9	38706
9	38656
9	38373
7	40337
9	38547
8	39376
8	39542
9	38452
8	39368
7	40614
8	39575
9	38711
9	38397
8	39497
7	40590
9	38736
7	40354
9	38537
8	39324
9	38730
9	38414
8	39725
8	39526
9	38574
8	39576
7	40406
9	39997
10	39411
9	40077
9	40007
10	39455
9	43647
9	45749
9	45765
10	45070
9	45712
10	45119
10	45174
10	45203
10	45140
10	45185
10	45193
10	45242
9	45893
9	45866
10	45312
10	45367
9	45867
10	45379
10	45274
10	47750
10	47822
10	47844
10	48032
10	48000
11	47529
10	48663
11	47293
11	47512
11	47657
11	47429
10	48724
10	48618
10	48662
11	47608
11	47388
11	47811
11	47634
11	47789
12	46934
12	46948
12	46786
12	46971
11	47797
12	46987
11	47503
11	47783
10	48782
11	47745
11	47828
11	47918
10	48852
11	47606
10	48651
12	46882
12	46817
11	47717
10	48652
11	47725
11	47884
10	49000
12	46918
11	47976
10	48820
11	47852
12	47086
11	47636
11	47934
11	47849
10	48983
10	48826
12	47117
10	48903
11	47781
11	47888
10	49033
12	47197
10	48880
10	48923
12	47085
11	47983
11	47876
10	48931
10	49026
12	47186
11	48231
12	47184
12	47198
10	49164
10	48880
10	49016
12	47306
11	47803
12	47209
11	47945
11	48209
10	49003
11	48117
10	49221
11	48176
11	47890
10	48997
12	47284
11	47914
11	48024
11	47845
11	47991
11	47882
11	48180
11	48330
11	47996
10	49311
10	49175
10	49208
11	48110
12	47289
12	47365
10	49115
44	11408
10	49138
10	49332
11	48134
10	49299
11	48475
11	48003
11	48036
11	48450
12	50793
13	50184
13	50178
13	50078
13	50113
13	50191
12	50853
12	50938
13	49902
13	50168
13	50080
12	51015
12	50926
13	50081
12	50964
13	50130
13	49918
13	50014
13	49868
13	50183
12	50892
12	50966
13	50060
13	50253
13	50088
13	50141
13	49929
12	50974
12	51049
13	49978
13	49960
13	50135
12	51087
13	50099
12	50978
12	50877
13	50134
12	50933
12	51210
13	50047
13	50118
12	51163
13	50265
12	50974
12	51303
13	49987
13	50181
12	51169
13	50402
12	50906
13	50260
13	50100
12	51112
13	50112
12	51147
13	50359
12	51006
12	51112
13	50151
12	50990
13	50357
13	50398
12	50963
12	50985
12	50935
12	50976
13	50129
13	50382
12	51050
13	50113
13	50052
13	50284
14	50225
14	50447
14	50299
14	50385
13	54638
13	54653
13	54682
14	50369
14	50325
14	51043
14	51074
14	50985
14	51142
13	55250
13	55284
14	51020
14	51136
14	51104
14	51693
14	51824
14	51859
13	56059
14	51652
14	51645
14	51969
13	56085
14	51788
14	51755
14	51807
14	51849
14	51709
14	51755
14	51943
14	51704
14	51717
13	56160
14	51803
14	51992
14	52048
14	52099
14	51897
14	52028
16	50298
15	50922
16	50321
15	50919
14	51992
15	51156
16	50291
15	50915
15	51406
15	51380
16	50299
15	51251
15	51424
16	50438
15	51353
16	50265
14	51979
16	50288
14	52002
15	51321
14	52162
15	51094
15	51125
15	51384
16	50353
15	51112
16	50442
16	50527
15	51346
15	51330
15	51238
15	51142
16	50461
16	50443
15	51320
14	52151
14	52141
15	51315
15	51526
15	51273
15	51264
16	50522
15	51328
16	50414
14	52285
14	52136
14	52261
15	51479
15	51624
15	51272
15	51192
16	50471
15	51444
15	51195
15	51248
16	50676
14	52240
15	51664
14	52280
16	50578
14	52333
14	52327
16	50735
15	51608
15	51639
14	52560
15	51578
15	51734
15	51827
16	50899
16	50930
15	51822
15	51813
15	51973
16	50834
15	51551
15	51713
15	51758
15	51922
15	51618
15	51849
15	51667
14	52627
16	50965
15	51570
15	51927
15	51917
14	52652
16	52891
16	52948
16	53104
16	53121
16	53160
16	53212
16	117667
17	116583
18	116007
19	115561
18	116720
16	118373
19	115839
17	117720
18	116436
17	117553
16	118417
17	117422
17	117897
19	115895
18	116780
20	114926
16	118500
19	115516
19	115832
17	117659
16	118642
19	115616
17	117488
17	117736
17	117999
18	116894
18	116908
19	115835
18	116637
17	117696
20	115000
18	116684
16	118549
16	118678
19	115813
17	117916
19	115864
16	118782
18	117074
17	117959
20	115065
19	115761
17	118045
17	117609
20	115094
18	116749
18	116786
19	116083
19	115997
19	115843
16	118831
17	117968
16	118684
19	116091
17	117714
16	118738
19	116083
18	116675
18	116911
19	116017
17	118152
18	116705
18	116751
17	117988
18	116730
17	117756
18	116961
18	117035
19	115903
19	116128
18	116811
16	118879
19	116242
16	118857
17	117951
19	116185
18	117057
17	118155
19	116186
17	118067
17	117916
19	115876
16	118996
19	115934
18	117273
19	115933
17	118085
16	118862
18	117362
18	117353
18	117050
18	117133
19	115933
19	116116
20	115810
18	117775
19	145155
19	145354
16	148275
18	146313
17	147256
18	146223
17	147277
17	147430
18	146306
19	145158
18	146462
16	148193
19	145605
16	148227
19	145177
17	147249
18	146227
18	146430
18	146249
17	147397
19	145201
19	145392
19	145545
18	146637
19	145458
19	145479
17	147631
20	144641
19	145343
18	146232
17	147467
18	146617
17	147297
18	146418
18	146399
19	145511
19	145214
19	145534
17	147274
19	145346
19	145367
19	145588
18	146550
19	145331
16	153355
17	152733
17	152796
17	152654
16	153556
17	152814
16	153456
17	152384
18	151424
18	151666
20	149797
19	150708
17	152676
17	152758
17	152450
18	151822
17	152791
19	150583
19	150565
18	151634
17	152404
18	151796
19	150646
16	153488
19	150468
18	151627
18	151849
18	151720
17	152510
18	151498
18	151579
17	152595
17	152555
17	152566
18	151744
17	152636
17	152946
17	152888
19	167687
21	196484
20	197156
21	196414
21	196673
20	197378
21	196592
20	197653
20	197787
20	197730
20	197645
20	197431
20	197634
21	196625
21	196871
20	197666
20	197812
20	197473
20	197824
21	196698
20	197706
21	196880
20	197657
21	196915
21	196761
20	197550
21	196814
20	197921
20	197543
20	197574
20	197794
21	197000
20	197542
20	197891
21	196859
21	196910
20	197821
20	197672
20	197603
20	197952
21	196847
20	197656
20	197887
21	196925
20	197642
21	197052
20	197714
20	197659
20	197841
21	196846
21	197090
20	198049
20	197703
20	197663
20	198101
21	197286
20	198046
21	226262
20	227048
20	227162
21	226153
20	227146
21	226217
21	226207
21	226238
21	248293
21	248267
20	249179
20	249324
21	248501
20	249267
20	249188
21	614040
21	614219
21	614312
21	614306
21	614330
21	614443
21	614363
21	614431
21	614450
21	614362
21	614330
21	614312
21	614408
21	614290
21	614377
21	614309
21	614449
21	614501
21	614865
21	615252
22	693956
22	694003
22	709744
22	709947
22	710019
22	709983
21	710649
21	710611
22	710045
22	709998
22	710037
22	710058
22	710919
22	710983
22	711009
22	711009
22	711052
22	711099
22	711088
22	711178
22	711255
22	711145
22	711240
22	711525
22	711539
22	711614
22	711656
22	711692
22	730028