timeFrame	cpuPerc	memoryPerc	memoryUsed
0	10.0	15.5	0.321363968
0	10.0	15.5	0.321355776
0	10.0	15.5	0.321355776
0	10.0	15.5	0.321355776
0	11.1	15.5	0.321355776
0	18.2	15.5	0.321355776
0	11.1	15.5	0.321355776
1	20.0	15.5	0.321482752
1	10.0	15.5	0.321482752
1	10.0	15.5	0.321482752
1	11.1	15.5	0.321482752
1	18.2	15.5	0.321482752
2	11.1	15.5	0.321482752
2	11.1	15.5	0.321482752
2	10.0	15.5	0.321482752
2	10.0	15.5	0.321482752
2	18.2	15.5	0.321482752
3	11.1	15.5	0.321482752
3	10.0	15.5	0.321482752
3	10.0	15.5	0.321482752
3	11.1	15.5	0.321482752
3	10.0	15.5	0.321482752
4	10.0	15.5	0.321609728
4	10.0	15.5	0.321609728
4	11.1	15.5	0.321609728
4	10.0	15.5	0.321609728
5	25.0	15.5	0.321609728
5	9.1	15.5	0.321609728
5	20.0	15.5	0.321609728
5	10.0	15.5	0.321609728
6	20.0	15.5	0.321609728
6	10.0	15.5	0.321609728
6	10.0	15.5	0.321609728
6	10.0	15.5	0.321609728
6	10.0	15.5	0.321609728
7	10.0	15.5	0.321609728
7	10.0	15.5	0.321609728
7	25.0	15.5	0.321609728
8	25.0	15.5	0.321736704
8	11.1	15.5	0.321736704
8	10.0	15.5	0.321736704
8	10.0	15.5	0.321736704
8	10.0	15.5	0.321736704
9	20.0	15.5	0.321736704
9	10.0	15.5	0.321736704
9	10.0	15.5	0.321736704
9	11.1	15.5	0.321736704
9	10.0	15.5	0.321736704
9	11.1	15.5	0.321736704
10	10.0	15.5	0.321736704
10	10.0	15.5	0.321736704
10	10.0	15.5	0.321736704
10	10.0	15.5	0.321736704
11	11.1	15.5	0.321736704
11	18.2	15.5	0.321736704
11	10.0	15.5	0.321736704
11	10.0	15.5	0.321736704
11	10.0	15.5	0.321736704
12	20.0	15.5	0.32186368
12	10.0	15.5	0.32186368
12	10.0	15.5	0.32186368
12	11.1	15.5	0.32186368
12	10.0	15.5	0.322244608
13	9.1	15.5	0.322244608
13	10.0	15.5	0.322244608
13	9.1	15.5	0.322244608
13	10.0	15.5	0.322244608
13	10.0	15.5	0.322244608
13	10.0	15.5	0.322244608
14	10.0	15.5	0.322244608
14	10.0	15.5	0.322244608
14	10.0	15.5	0.322244608
14	10.0	15.5	0.322244608
14	11.1	15.5	0.322244608
15	10.0	15.5	0.322244608
15	20.0	15.5	0.322244608
15	9.1	15.5	0.322244608
15	10.0	15.5	0.322244608
16	10.0	15.5	0.322244608
16	10.0	15.5	0.322244608
16	10.0	15.5	0.322244608
16	11.1	15.5	0.322244608
17	16.7	15.5	0.322244608
17	11.1	15.5	0.322244608
17	10.0	15.5	0.322244608
17	11.1	15.5	0.322244608
17	11.1	15.5	0.322244608
18	11.1	15.5	0.322244608
18	18.2	15.5	0.322244608
18	10.0	15.5	0.322244608
19	20.0	15.5	0.322244608
19	10.0	15.5	0.322244608
19	10.0	15.5	0.322244608
19	10.0	15.5	0.322244608
19	10.0	15.5	0.322244608
19	10.0	15.5	0.322244608
19	10.0	15.5	0.322244608
20	25.0	15.5	0.322244608
20	10.0	15.5	0.322244608
20	11.1	15.5	0.322244608
21	20.0	15.5	0.322244608
21	10.0	15.5	0.322244608
21	10.0	15.5	0.322244608
21	11.1	15.5	0.322244608
22	11.1	15.5	0.322244608
22	18.2	15.5	0.322244608
22	10.0	15.5	0.322244608
22	10.0	15.5	0.322244608
22	10.0	15.5	0.322244608
22	10.0	15.5	0.322244608
23	10.0	15.5	0.322244608
23	10.0	15.5	0.322244608
23	11.1	15.5	0.322244608
23	10.0	15.5	0.322244608
23	18.2	15.5	0.322244608
24	11.1	15.5	0.322244608
24	10.0	15.5	0.322244608
24	10.0	15.5	0.322244608
25	20.0	15.5	0.322244608
25	10.0	15.5	0.322244608
25	11.1	15.5	0.322371584
25	10.0	15.5	0.322371584
25	11.1	15.5	0.322371584
26	11.1	15.5	0.322371584
26	20.0	15.5	0.322371584
26	10.0	15.5	0.322371584
26	10.0	15.5	0.322371584
26	10.0	15.5	0.322371584
27	10.0	15.5	0.322371584
27	18.2	15.5	0.322371584
27	18.2	15.5	0.322371584
27	11.1	15.5	0.322371584
27	10.0	15.5	0.322371584
27	18.2	15.5	0.322371584
28	11.1	15.5	0.322371584
28	10.0	15.5	0.322371584
28	18.2	15.5	0.322371584
28	18.2	15.5	0.322371584
28	10.0	15.5	0.322371584
28	11.1	15.5	0.322371584
29	10.0	15.5	0.322371584
29	10.0	15.5	0.322371584
29	11.1	15.5	0.322371584
29	10.0	15.5	0.322371584
29	10.0	15.5	0.322371584
29	10.0	15.5	0.322371584
30	20.0	15.5	0.322371584
30	10.0	15.5	0.322371584
30	18.2	15.5	0.322371584
30	18.2	15.5	0.322371584
30	10.0	15.5	0.322371584
31	10.0	15.5	0.322371584
31	10.0	15.5	0.322363392
31	10.0	15.5	0.322363392
32	10.0	15.5	0.321867776
32	20.0	15.5	0.321867776
32	10.0	15.5	0.321867776
32	18.2	15.5	0.321855488
32	20.0	15.5	0.321855488
33	10.0	15.5	0.321855488
33	10.0	15.5	0.321855488
33	18.2	15.5	0.321855488
33	18.2	15.5	0.321855488
34	16.7	15.5	0.321855488
34	18.2	15.5	0.321855488
35	9.1	15.5	0.321855488
35	10.0	15.5	0.321855488
35	18.2	15.5	0.321855488
35	10.0	15.5	0.321855488
35	10.0	15.5	0.321855488
36	10.0	15.5	0.321855488
36	11.1	15.5	0.321855488
36	10.0	15.5	0.321855488
36	10.0	15.5	0.321855488
36	10.0	15.5	0.321855488
36	10.0	15.5	0.321855488
37	25.0	15.5	0.321855488
37	11.1	15.5	0.321855488
37	10.0	15.5	0.321855488
37	11.1	15.5	0.321855488
37	10.0	15.5	0.321855488
38	11.1	15.5	0.321855488
38	11.1	15.5	0.321855488
38	10.0	15.5	0.321855488
38	10.0	15.5	0.321855488
38	11.1	15.5	0.321855488
38	10.0	15.5	0.321855488
39	11.1	15.5	0.321855488
39	18.2	15.5	0.321855488
39	11.1	15.5	0.321855488
39	10.0	15.5	0.321855488
39	20.0	15.5	0.321855488
40	11.1	15.5	0.321855488
40	10.0	15.5	0.321855488
40	20.0	15.5	0.321855488
40	10.0	15.5	0.321855488
40	10.0	15.5	0.321855488
40	11.1	15.5	0.321855488
41	20.0	15.5	0.321855488
41	10.0	15.5	0.321855488
41	10.0	15.5	0.321855488
41	11.1	15.5	0.321855488
41	10.0	15.5	0.321855488
41	11.1	15.5	0.321855488
42	10.0	15.5	0.321855488
42	10.0	15.5	0.321855488
42	10.0	15.5	0.321855488
42	10.0	15.5	0.321855488
43	20.0	15.5	0.321855488
43	16.7	15.5	0.321855488
43	18.2	15.5	0.321855488
43	20.0	15.5	0.321855488
43	18.2	15.5	0.321855488
44	11.1	15.5	0.321855488
44	10.0	15.5	0.321855488
44	10.0	15.5	0.321855488
45	10.0	15.5	0.321855488
45	11.1	15.5	0.321855488
45	10.0	15.5	0.321855488
45	10.0	15.5	0.321855488
45	20.0	15.5	0.321855488
45	10.0	15.5	0.321855488
46	10.0	15.5	0.321855488
46	10.0	15.5	0.321855488
47	27.3	15.5	0.321855488
47	10.0	15.5	0.321855488
47	18.2	15.5	0.321855488
47	11.1	15.5	0.321855488
47	18.2	15.5	0.321855488
48	10.0	15.5	0.321855488
48	10.0	15.5	0.321855488
48	10.0	15.5	0.321855488
48	10.0	15.5	0.321855488
49	18.2	15.5	0.321855488
49	10.0	15.5	0.321855488
49	9.1	15.5	0.321855488
49	10.0	15.5	0.321855488
49	18.2	15.5	0.321855488
49	11.1	15.5	0.321855488
50	10.0	15.5	0.321855488
50	10.0	15.5	0.321855488
50	9.1	15.5	0.321855488
50	11.1	15.5	0.321855488
50	10.0	15.5	0.321855488
50	10.0	15.5	0.321855488
51	18.2	15.5	0.321855488
51	10.0	15.5	0.321855488
51	11.1	15.5	0.321855488
51	10.0	15.5	0.321855488
52	10.0	15.5	0.321855488
52	10.0	15.5	0.321855488
52	11.1	15.5	0.321855488
53	10.0	15.5	0.321855488
53	10.0	15.5	0.321855488
53	10.0	15.5	0.321855488
53	20.0	15.5	0.321855488
53	10.0	15.5	0.321855488
54	10.0	15.5	0.321855488
54	10.0	15.5	0.321855488
54	10.0	15.5	0.321855488
54	18.2	15.5	0.321855488
54	16.7	15.5	0.321855488
55	20.0	15.5	0.321855488
55	10.0	15.5	0.321855488
55	20.0	15.5	0.321855488
55	11.1	15.5	0.321855488
56	11.1	15.5	0.321855488
56	11.1	15.5	0.321855488
56	18.2	15.5	0.321855488
56	11.1	15.5	0.321855488
57	18.2	15.5	0.321855488
57	10.0	15.5	0.321982464
57	18.2	15.5	0.32210944
57	10.0	15.5	0.32210944
58	10.0	15.5	0.32210944
58	11.1	15.5	0.32210944
58	10.0	15.5	0.32210944
58	10.0	15.5	0.32210944
58	10.0	15.5	0.32210944
59	11.1	15.5	0.32210944
59	18.2	15.5	0.32210944
59	10.0	15.5	0.32210944
60	11.1	15.5	0.32210944
60	10.0	15.5	0.32210944
60	11.1	15.5	0.32210944
60	10.0	15.5	0.32210944
60	18.2	15.5	0.32210944
61	11.1	15.5	0.32210944
61	10.0	15.5	0.32210944
61	10.0	15.5	0.32210944
61	10.0	15.5	0.32210944
61	10.0	15.5	0.32210944
61	11.1	15.5	0.32210944
62	10.0	15.5	0.32210944
62	10.0	15.5	0.322236416
62	10.0	15.5	0.322236416
62	10.0	15.5	0.322228224
62	11.1	15.5	0.322228224
62	10.0	15.5	0.322228224
63	18.2	15.5	0.322228224
63	9.1	15.5	0.322228224
63	10.0	15.5	0.322228224
63	11.1	15.5	0.322228224
64	11.1	15.5	0.322228224
65	10.0	15.5	0.322228224
65	10.0	15.5	0.322228224
65	25.0	15.5	0.322228224
66	11.1	15.5	0.3223552
66	11.1	15.5	0.3223552
66	10.0	15.5	0.3223552
66	10.0	15.5	0.3223552
66	10.0	15.5	0.3223552
66	11.1	15.5	0.3223552
67	10.0	15.5	0.3223552
67	11.1	15.5	0.3223552
67	10.0	15.5	0.3223552
67	10.0	15.5	0.3223552
67	11.1	15.5	0.3223552
68	20.0	15.5	0.321851392
68	10.0	15.5	0.321847296
68	10.0	15.5	0.321847296
68	11.1	15.5	0.321847296
69	11.1	15.5	0.321847296
69	10.0	15.5	0.321847296
69	10.0	15.5	0.321847296
69	10.0	15.5	0.321847296
69	10.0	15.5	0.321847296
70	11.1	15.5	0.321847296
70	20.0	15.5	0.321847296
71	10.0	15.5	0.321847296
71	11.1	15.5	0.321847296
71	10.0	15.5	0.321847296
71	10.0	15.5	0.321847296
71	9.1	15.5	0.321847296
71	10.0	15.5	0.321847296
72	20.0	15.5	0.321847296
72	10.0	15.5	0.321847296
72	10.0	15.5	0.321847296
72	11.1	15.5	0.321847296
73	10.0	15.5	0.321974272
73	10.0	15.5	0.321974272
73	10.0	15.5	0.321974272
73	18.2	15.5	0.321974272
74	11.1	15.5	0.321974272
74	10.0	15.5	0.321974272
74	9.1	15.5	0.321974272
75	10.0	15.5	0.321974272
75	18.2	15.5	0.321974272
75	10.0	15.5	0.321974272
75	10.0	15.5	0.321974272
76	18.2	15.5	0.321974272
76	20.0	15.5	0.321974272
76	10.0	15.5	0.321974272
76	11.1	15.5	0.321974272
76	10.0	15.5	0.321974272
77	11.1	15.5	0.321974272
77	9.1	15.5	0.321974272
77	11.1	15.5	0.321974272
77	10.0	15.5	0.321974272
77	18.2	15.5	0.321974272
77	11.1	15.5	0.321974272
77	10.0	15.5	0.321974272
78	18.2	15.5	0.321974272
78	10.0	15.5	0.321974272
78	11.1	15.5	0.321974272
78	10.0	15.5	0.321974272
78	18.2	15.5	0.321974272
78	10.0	15.5	0.321974272
79	11.1	15.5	0.321974272
79	10.0	15.5	0.321974272
79	11.1	15.5	0.321974272
79	11.1	15.5	0.321974272
79	11.1	15.5	0.321974272
80	11.1	15.5	0.321974272
80	10.0	15.5	0.321974272
80	18.2	15.5	0.321974272
80	11.1	15.5	0.321974272
81	10.0	15.5	0.321974272
81	18.2	15.5	0.321974272
81	11.1	15.5	0.321974272
82	10.0	15.5	0.321974272
82	11.1	15.5	0.321974272
82	18.2	15.5	0.321974272
82	10.0	15.5	0.321974272
82	10.0	15.5	0.321974272
82	10.0	15.5	0.321974272
83	11.1	15.5	0.321974272
83	11.1	15.5	0.321974272
83	11.1	15.5	0.321974272
83	11.1	15.5	0.321974272
84	11.1	15.5	0.321974272
84	18.2	15.5	0.321974272
84	10.0	15.5	0.321974272
84	11.1	15.5	0.321974272
84	10.0	15.5	0.321974272
84	10.0	15.5	0.321974272
85	20.0	15.5	0.321974272
85	10.0	15.5	0.321974272
85	18.2	15.5	0.321974272
85	10.0	15.5	0.321974272
86	11.1	15.5	0.321974272
86	18.2	15.5	0.321974272
86	10.0	15.5	0.321974272
86	10.0	15.5	0.321974272
86	10.0	15.5	0.321974272
86	10.0	15.5	0.321974272
87	11.1	15.5	0.321974272
87	10.0	15.5	0.321974272
87	10.0	15.5	0.321974272
87	18.2	15.5	0.321974272
87	10.0	15.5	0.321974272
88	11.1	15.5	0.321974272
88	20.0	15.5	0.321974272
88	10.0	15.5	0.321974272
88	10.0	15.5	0.321974272
88	11.1	15.5	0.321974272
88	10.0	15.5	0.321974272
88	10.0	15.5	0.321974272
88	20.0	15.5	0.321974272
89	20.0	15.5	0.321974272
89	18.2	15.5	0.321974272
89	11.1	15.5	0.321974272
89	10.0	15.5	0.321974272
89	20.0	15.5	0.322101248
90	11.1	15.5	0.322101248
90	10.0	15.5	0.322101248
90	10.0	15.5	0.322101248
90	11.1	15.5	0.322101248
90	10.0	15.5	0.322101248
90	11.1	15.5	0.322101248
91	10.0	15.5	0.322101248
91	10.0	15.5	0.322101248
91	10.0	15.5	0.322101248
91	10.0	15.5	0.322101248
91	18.2	15.5	0.322101248
91	10.0	15.5	0.322101248
92	11.1	15.5	0.322101248
92	10.0	15.5	0.322101248
92	10.0	15.5	0.322101248
92	10.0	15.5	0.322101248
92	9.1	15.5	0.322101248
92	10.0	15.5	0.322101248
92	11.1	15.5	0.322101248
93	10.0	15.5	0.322101248
93	18.2	15.5	0.322101248
93	10.0	15.5	0.322101248
93	10.0	15.5	0.322101248
94	11.1	15.5	0.322101248
94	10.0	15.5	0.322101248
94	11.1	15.5	0.322101248
94	10.0	15.5	0.322101248
94	10.0	15.5	0.322101248
95	10.0	15.5	0.322101248
95	11.1	15.5	0.322101248
95	10.0	15.5	0.322101248
95	10.0	15.5	0.322101248
95	10.0	15.5	0.322101248
95	18.2	15.5	0.322101248
95	9.1	15.5	0.322101248
96	16.7	15.5	0.322101248
96	9.1	15.5	0.322093056
96	10.0	15.5	0.322093056
96	10.0	15.5	0.322093056
97	16.7	15.5	0.322220032
97	10.0	15.5	0.322220032
97	10.0	15.5	0.322220032
97	10.0	15.5	0.322220032
97	11.1	15.5	0.322220032
98	10.0	15.5	0.322220032
98	10.0	15.5	0.322220032
98	10.0	15.5	0.322220032
98	18.2	15.5	0.322220032
99	18.2	15.5	0.322220032
99	10.0	15.5	0.322220032
99	11.1	15.5	0.322220032
99	10.0	15.5	0.322220032
99	20.0	15.5	0.322220032
100	10.0	15.5	0.322220032
100	10.0	15.5	0.322220032
100	10.0	15.5	0.322220032
100	10.0	15.5	0.322220032
101	11.1	15.5	0.322220032
101	10.0	15.5	0.322220032
101	10.0	15.5	0.322220032
101	10.0	15.5	0.322220032
101	10.0	15.5	0.322220032
101	11.1	15.5	0.322220032
102	10.0	15.5	0.322347008
102	20.0	15.5	0.322347008
102	10.0	15.5	0.322347008
102	18.2	15.5	0.322347008
102	10.0	15.5	0.322347008
103	10.0	15.5	0.322347008
103	10.0	15.5	0.322347008
103	10.0	15.5	0.322347008
104	10.0	15.5	0.322347008
104	10.0	15.5	0.322347008
104	18.2	15.5	0.322347008
104	11.1	15.5	0.322347008
104	10.0	15.5	0.322347008
105	10.0	15.5	0.321851392
105	18.2	15.5	0.321839104
105	10.0	15.5	0.321839104
105	18.2	15.5	0.321839104
105	11.1	15.5	0.321839104
106	11.1	15.5	0.321839104
106	11.1	15.5	0.321839104
107	10.0	15.5	0.321839104
107	10.0	15.5	0.321839104
107	11.1	15.5	0.321839104
107	10.0	15.5	0.321839104
107	10.0	15.5	0.321839104
108	11.1	15.5	0.321839104
108	10.0	15.5	0.321839104
108	20.0	15.5	0.321839104
109	10.0	15.5	0.321839104
109	10.0	15.5	0.321839104
109	10.0	15.5	0.321839104
109	11.1	15.5	0.321839104
109	25.0	15.5	0.321839104
109	11.1	15.5	0.321839104
110	10.0	15.5	0.321839104
110	10.0	15.5	0.321839104
110	18.2	15.5	0.321839104
110	10.0	15.5	0.321839104
111	10.0	15.5	0.321839104
111	10.0	15.5	0.321839104
111	11.1	15.5	0.321839104
112	20.0	15.5	0.321839104
112	11.1	15.5	0.321839104
112	10.0	15.5	0.321839104
112	11.1	15.5	0.321839104
112	10.0	15.5	0.321839104
113	11.1	15.5	0.321839104
113	10.0	15.5	0.321839104
113	11.1	15.5	0.321839104
113	10.0	15.5	0.321839104
113	11.1	15.5	0.321839104
113	10.0	15.5	0.321839104
114	20.0	15.5	0.321839104
114	11.1	15.5	0.321839104
114	10.0	15.5	0.321839104
114	20.0	15.5	0.321839104
114	10.0	15.5	0.321839104
115	11.1	15.5	0.321839104
115	10.0	15.5	0.321839104
115	10.0	15.5	0.321839104
115	11.1	15.5	0.321839104
116	10.0	15.5	0.321839104
116	10.0	15.5	0.321839104
116	10.0	15.5	0.321839104
116	10.0	15.5	0.321839104
117	11.1	15.5	0.321839104
117	10.0	15.5	0.321839104
117	18.2	15.5	0.321839104
118	20.0	15.5	0.321839104
118	18.2	15.5	0.321839104
118	11.1	15.5	0.321839104
118	11.1	15.5	0.321839104
118	18.2	15.5	0.321839104
119	10.0	15.5	0.321839104
119	11.1	15.5	0.321839104
119	11.1	15.5	0.321839104
119	10.0	15.5	0.321839104
119	10.0	15.5	0.321839104
119	10.0	15.5	0.321839104
119	10.0	15.5	0.321839104
119	11.1	15.5	0.321839104
120	11.1	15.5	0.321839104
120	9.1	15.5	0.321839104
120	10.0	15.5	0.321839104
120	10.0	15.5	0.321839104
121	10.0	15.5	0.321839104
121	11.1	15.5	0.321839104
121	10.0	15.5	0.321839104
121	11.1	15.5	0.321839104
122	10.0	15.5	0.321839104
122	10.0	15.5	0.32196608
122	11.1	15.5	0.32196608
123	10.0	15.5	0.32196608
123	27.3	15.5	0.32196608
123	10.0	15.5	0.32196608
123	18.2	15.5	0.32196608
123	11.1	15.5	0.32196608
124	18.2	15.5	0.32196608
124	11.1	15.5	0.32196608
124	11.1	15.5	0.32196608
124	10.0	15.5	0.32196608
124	11.1	15.5	0.32196608
124	10.0	15.5	0.32196608
124	10.0	15.5	0.32196608
125	18.2	15.5	0.32196608
125	20.0	15.5	0.32196608
125	10.0	15.5	0.32196608
125	10.0	15.5	0.32196608
125	10.0	15.5	0.32196608
125	10.0	15.5	0.32196608
126	9.1	15.5	0.32196608
126	25.0	15.5	0.32196608
126	10.0	15.5	0.32196608
126	10.0	15.5	0.32196608
127	18.2	15.5	0.32196608
127	10.0	15.5	0.32196608
127	9.1	15.5	0.32196608
127	10.0	15.5	0.32196608
128	10.0	15.5	0.32196608
128	9.1	15.5	0.32196608
128	10.0	15.5	0.321957888
128	18.2	15.5	0.321957888
128	10.0	15.5	0.321957888
129	11.1	15.5	0.322084864
129	10.0	15.5	0.322084864
129	10.0	15.5	0.322084864
129	18.2	15.5	0.322084864
130	10.0	15.5	0.322084864
130	10.0	15.5	0.322084864
130	20.0	15.5	0.322084864
130	10.0	15.5	0.322084864
130	20.0	15.5	0.322084864
130	20.0	15.5	0.322084864
131	18.2	15.5	0.322084864
131	18.2	15.5	0.322084864
131	20.0	15.5	0.322084864
131	10.0	15.5	0.322084864
131	10.0	15.5	0.322084864
132	20.0	15.5	0.322084864
132	11.1	15.5	0.322084864
132	11.1	15.5	0.322084864
132	18.2	15.5	0.322084864
132	10.0	15.5	0.322084864
133	20.0	15.5	0.322592768
133	10.0	15.5	0.322592768
133	20.0	15.5	0.322592768
133	10.0	15.5	0.322592768
134	18.2	15.5	0.322592768
134	10.0	15.5	0.322592768
134	10.0	15.5	0.322592768
134	11.1	15.5	0.322592768
134	10.0	15.5	0.322592768
134	10.0	15.5	0.322592768
135	10.0	15.5	0.322592768
135	10.0	15.5	0.322592768
135	10.0	15.5	0.322592768
135	11.1	15.5	0.322592768
135	10.0	15.5	0.322592768
136	10.0	15.5	0.322592768
136	11.1	15.5	0.322592768
136	10.0	15.5	0.322592768
136	10.0	15.5	0.322592768
136	11.1	15.5	0.322592768
136	10.0	15.5	0.322592768
137	11.1	15.5	0.322592768
137	11.1	15.5	0.322592768
137	18.2	15.5	0.322592768
137	10.0	15.5	0.322592768
137	10.0	15.5	0.322592768
137	11.1	15.5	0.322592768
138	10.0	15.5	0.322592768
138	10.0	15.5	0.322592768
138	18.2	15.5	0.322592768
138	10.0	15.5	0.322592768
139	27.3	15.5	0.322592768
139	10.0	15.5	0.322592768
139	11.1	15.5	0.322592768
139	10.0	15.5	0.322592768
139	10.0	15.5	0.322592768
140	11.1	15.5	0.322592768
140	11.1	15.5	0.322592768
140	18.2	15.5	0.322592768
140	10.0	15.5	0.322592768
140	10.0	15.5	0.322592768
140	11.1	15.5	0.322592768
140	10.0	15.5	0.322592768
141	10.0	15.5	0.322592768
141	11.1	15.5	0.321970176
141	10.0	15.5	0.321970176
141	10.0	15.5	0.321957888
141	11.1	15.5	0.321957888
141	10.0	15.5	0.321957888
141	11.1	15.5	0.321957888
142	18.2	15.5	0.321957888
142	20.0	15.5	0.321957888
142	10.0	15.5	0.321957888
142	10.0	15.5	0.321957888
142	10.0	15.5	0.321957888
143	10.0	15.5	0.321957888
143	11.1	15.5	0.321957888
143	18.2	15.5	0.321957888
143	10.0	15.5	0.321957888
144	20.0	15.5	0.321957888
144	10.0	15.5	0.321957888
144	10.0	15.5	0.321957888
144	10.0	15.5	0.321957888
144	11.1	15.5	0.321957888
144	10.0	15.5	0.321957888
145	11.1	15.5	0.321957888
145	10.0	15.5	0.321957888
145	10.0	15.5	0.321957888
145	10.0	15.5	0.321957888
145	10.0	15.5	0.321957888
145	10.0	15.5	0.321957888
146	10.0	15.5	0.321957888
146	11.1	15.5	0.321957888
146	11.1	15.5	0.321957888
146	18.2	15.5	0.321957888
147	11.1	15.5	0.321957888
147	16.7	15.5	0.321957888
147	11.1	15.5	0.321957888
147	10.0	15.5	0.321957888
147	10.0	15.5	0.321957888
147	10.0	15.5	0.321957888
148	20.0	15.5	0.321957888
148	18.2	15.5	0.321957888
148	10.0	15.5	0.321957888
148	18.2	15.5	0.321957888
148	10.0	15.5	0.321957888
149	11.1	15.5	0.321957888
149	10.0	15.5	0.321957888
149	18.2	15.5	0.321957888
150	11.1	15.5	0.321957888
150	18.2	15.5	0.321957888
150	10.0	15.5	0.321957888
150	11.1	15.5	0.321957888
150	11.1	15.5	0.321957888
150	10.0	15.5	0.321957888
150	10.0	15.5	0.321957888
151	11.1	15.5	0.321957888
151	30.8	15.5	0.321957888
151	10.0	15.5	0.321957888
151	11.1	15.5	0.321957888
151	10.0	15.5	0.321957888
152	11.1	15.5	0.321957888
152	10.0	15.5	0.321957888
152	11.1	15.5	0.321957888
152	10.0	15.5	0.321957888
152	9.1	15.5	0.321957888
153	11.1	15.5	0.321957888
153	10.0	15.5	0.321957888
153	10.0	15.5	0.321957888
153	10.0	15.5	0.321957888
153	11.1	15.5	0.321957888
154	11.1	15.5	0.321957888
154	10.0	15.5	0.321957888
154	10.0	15.5	0.322084864
154	20.0	15.5	0.322084864
154	11.1	15.5	0.322084864
154	10.0	15.5	0.322084864
154	11.1	15.5	0.322084864
155	10.0	15.5	0.322084864
155	10.0	15.5	0.322084864
155	18.2	15.5	0.322084864
155	10.0	15.5	0.322084864
156	11.1	15.5	0.322084864
156	20.0	15.5	0.322084864
156	9.1	15.5	0.322084864
156	20.0	15.5	0.322084864
156	20.0	15.5	0.322084864
156	10.0	15.5	0.322084864
157	10.0	15.5	0.322084864
157	10.0	15.5	0.322084864
157	9.1	15.5	0.322084864
157	9.1	15.5	0.322084864
158	9.1	15.5	0.322084864
158	10.0	15.5	0.322076672
158	9.1	15.5	0.322076672
158	10.0	15.5	0.322076672
158	9.1	15.5	0.322076672
158	10.0	15.5	0.322076672
159	10.0	15.5	0.322076672
159	10.0	15.5	0.322076672
159	10.0	15.5	0.322076672
160	10.0	15.5	0.322076672
160	9.1	15.5	0.322076672
160	20.0	15.5	0.322076672
160	10.0	15.5	0.322076672
160	18.2	15.5	0.322076672
161	27.3	15.5	0.322076672
161	10.0	15.5	0.322076672
161	10.0	15.5	0.322076672
161	10.0	15.5	0.322076672
161	11.1	15.5	0.322076672
162	10.0	15.5	0.322076672
162	10.0	15.5	0.322076672
162	11.1	15.5	0.322076672
162	10.0	15.5	0.322076672
162	20.0	15.5	0.322076672
162	10.0	15.5	0.322076672
162	11.1	15.5	0.322076672
163	18.2	15.5	0.322076672
163	11.1	15.5	0.322076672
163	10.0	15.5	0.322076672
163	10.0	15.5	0.322076672
163	11.1	15.5	0.322076672
164	20.0	15.5	0.322076672
164	11.1	15.5	0.322076672
164	10.0	15.5	0.322076672
164	18.2	15.5	0.322076672
165	20.0	15.5	0.322076672
165	9.1	15.5	0.322076672
165	10.0	15.5	0.322076672
165	10.0	15.5	0.322076672
166	20.0	15.5	0.322076672
166	18.2	15.5	0.322076672
166	10.0	15.5	0.322076672
166	10.0	15.5	0.322076672
167	11.1	15.5	0.322076672
167	11.1	15.5	0.322203648
167	10.0	15.5	0.322203648
167	10.0	15.5	0.322203648
167	10.0	15.5	0.322203648
168	10.0	15.5	0.322203648
168	10.0	15.5	0.322203648
168	18.2	15.5	0.322203648
168	18.2	15.5	0.322203648
169	10.0	15.5	0.322203648
169	10.0	15.5	0.322203648
169	10.0	15.5	0.322203648
169	11.1	15.5	0.322203648
169	10.0	15.5	0.322203648
170	11.1	15.5	0.322203648
170	10.0	15.5	0.322203648
170	9.1	15.5	0.322203648
170	11.1	15.5	0.322203648
170	18.2	15.5	0.322203648
171	18.2	15.5	0.322203648
171	10.0	15.5	0.322203648
171	18.2	15.5	0.322203648
171	10.0	15.5	0.322203648
171	10.0	15.5	0.322203648
171	10.0	15.5	0.322203648
172	10.0	15.5	0.321970176
172	10.0	15.5	0.321970176
172	10.0	15.5	0.321970176
172	10.0	15.5	0.321949696
172	10.0	15.5	0.321949696
172	20.0	15.5	0.321949696
173	18.2	15.5	0.321949696
173	18.2	15.5	0.321949696
173	18.2	15.5	0.321949696
173	10.0	15.5	0.321949696
173	18.2	15.5	0.321949696
174	10.0	15.5	0.321949696
174	10.0	15.5	0.321949696
174	11.1	15.5	0.321949696
174	10.0	15.5	0.321949696
175	27.3	15.5	0.321949696
175	10.0	15.5	0.321949696
175	10.0	15.5	0.321949696
175	10.0	15.5	0.321949696
176	10.0	15.5	0.321949696
176	11.1	15.5	0.321949696
176	10.0	15.5	0.321949696
176	10.0	15.5	0.321949696
176	10.0	15.5	0.321949696
176	11.1	15.5	0.321949696
176	18.2	15.5	0.321949696
176	18.2	15.5	0.321949696
177	18.2	15.5	0.321949696
177	11.1	15.5	0.321949696
177	10.0	15.5	0.321949696
178	20.0	15.5	0.321949696
178	11.1	15.5	0.321949696
178	10.0	15.5	0.321949696
178	18.2	15.5	0.321949696
178	9.1	15.5	0.321949696
178	20.0	15.5	0.321949696
179	20.0	15.5	0.321949696
179	10.0	15.5	0.321949696
179	18.2	15.5	0.321949696
179	11.1	15.5	0.321949696
179	20.0	15.5	0.321949696
180	10.0	15.5	0.321949696
180	10.0	15.5	0.321949696
180	10.0	15.5	0.321949696
180	11.1	15.5	0.321949696
181	27.3	15.5	0.321949696
181	10.0	15.5	0.321949696
181	11.1	15.5	0.321949696
181	10.0	15.5	0.321949696
182	10.0	15.5	0.321949696
182	20.0	15.5	0.321949696
182	10.0	15.5	0.321949696
182	18.2	15.5	0.321949696
183	11.1	15.5	0.321949696
183	18.2	15.5	0.321949696
183	18.2	15.5	0.321949696
183	10.0	15.5	0.321949696
183	18.2	15.5	0.321949696
184	10.0	15.5	0.321949696
184	10.0	15.5	0.321949696
184	10.0	15.5	0.321949696
184	11.1	15.5	0.321949696
184	10.0	15.5	0.321949696
184	11.1	15.5	0.321949696
185	18.2	15.5	0.321949696
185	11.1	15.5	0.321949696
185	10.0	15.5	0.321949696
185	10.0	15.5	0.321949696
186	11.1	15.5	0.321949696
186	18.2	15.5	0.321949696
186	10.0	15.5	0.321949696
186	10.0	15.5	0.321949696
186	10.0	15.5	0.321949696
186	10.0	15.5	0.321949696
187	10.0	15.5	0.321949696
187	10.0	15.5	0.321949696
187	10.0	15.5	0.321949696
187	11.1	15.5	0.321949696
187	10.0	15.5	0.321949696
188	11.1	15.5	0.321949696
188	10.0	15.5	0.321949696
188	10.0	15.5	0.321949696
188	11.1	15.5	0.321949696
188	10.0	15.5	0.321949696
189	9.1	15.5	0.321949696
189	10.0	15.5	0.321949696
189	9.1	15.5	0.321949696
189	10.0	15.5	0.321949696
190	10.0	15.5	0.321949696
190	18.2	15.5	0.321949696
191	10.0	15.5	0.321949696
191	10.0	15.5	0.321949696
191	10.0	15.5	0.321949696
191	10.0	15.5	0.321949696
191	11.1	15.5	0.321949696
192	10.0	15.5	0.321949696
192	18.2	15.5	0.321949696
192	10.0	15.5	0.321949696
193	20.0	15.5	0.3224576
193	11.1	15.5	0.3224576
193	10.0	15.5	0.322449408
193	18.2	15.5	0.322449408
194	18.2	15.5	0.322449408
194	11.1	15.5	0.322449408
194	18.2	15.5	0.322449408
194	10.0	15.5	0.322576384
195	16.7	15.5	0.322576384
195	10.0	15.5	0.322576384
195	10.0	15.5	0.322576384
195	10.0	15.5	0.322576384
195	10.0	15.5	0.322576384
196	20.0	15.5	0.322576384
196	18.2	15.5	0.322576384
196	10.0	15.5	0.322576384
196	11.1	15.5	0.322576384
196	10.0	15.5	0.322576384
196	11.1	15.5	0.322576384
197	18.2	15.5	0.322576384
197	10.0	15.5	0.322576384
197	11.1	15.5	0.322576384
197	10.0	15.5	0.322576384
197	10.0	15.5	0.322576384
197	10.0	15.5	0.322576384
197	20.0	15.5	0.322576384
198	11.1	15.5	0.322576384
198	10.0	15.5	0.322576384
198	10.0	15.5	0.322576384
198	11.1	15.5	0.322576384
198	10.0	15.5	0.322576384
199	11.1	15.5	0.322576384
199	11.1	15.5	0.322576384
199	9.1	15.5	0.322576384
199	10.0	15.5	0.322576384
199	10.0	15.5	0.322576384
200	10.0	15.5	0.322576384
200	11.1	15.5	0.322576384
200	10.0	15.5	0.322576384
200	20.0	15.5	0.322576384
200	10.0	15.5	0.322576384
200	20.0	15.5	0.322576384
201	10.0	15.5	0.322576384
201	11.1	15.5	0.322576384
201	10.0	15.5	0.322576384
201	10.0	15.5	0.322576384
202	11.1	15.5	0.322576384
202	10.0	15.5	0.322576384
202	10.0	15.5	0.322576384
202	20.0	15.5	0.322576384
202	10.0	15.5	0.322576384
203	18.2	15.5	0.3219456
203	10.0	15.5	0.321941504
203	11.1	15.5	0.321941504
203	18.2	15.5	0.321941504
203	20.0	15.5	0.321941504
204	10.0	15.5	0.321941504
204	10.0	15.5	0.321941504
204	10.0	15.5	0.321941504
204	18.2	15.5	0.321941504
205	11.1	15.5	0.321941504
205	10.0	15.5	0.321941504
205	10.0	15.5	0.321941504
205	10.0	15.5	0.321941504
205	11.1	15.5	0.321941504
206	11.1	15.5	0.321941504
206	11.1	15.5	0.321941504
206	10.0	15.5	0.321941504
206	9.1	15.5	0.321941504
206	20.0	15.5	0.321941504
206	10.0	15.5	0.321941504
207	20.0	15.5	0.321941504
207	11.1	15.5	0.321941504
207	18.2	15.5	0.321941504
207	10.0	15.5	0.321941504
207	9.1	15.5	0.321941504
207	18.2	15.5	0.321941504
208	11.1	15.5	0.321941504
208	11.1	15.5	0.321941504
208	18.2	15.5	0.321941504
208	10.0	15.5	0.321941504
208	10.0	15.5	0.321941504
209	20.0	15.5	0.321941504
209	10.0	15.5	0.321941504
209	10.0	15.5	0.321941504
210	20.0	15.5	0.321941504
210	10.0	15.5	0.321941504
210	10.0	15.5	0.321941504
210	11.1	15.5	0.321941504
210	10.0	15.5	0.321941504
211	11.1	15.5	0.321941504
211	10.0	15.5	0.321941504
211	20.0	15.5	0.321941504
211	10.0	15.5	0.321941504
212	11.1	15.5	0.321941504
212	18.2	15.5	0.321941504
212	11.1	15.5	0.321941504
212	18.2	15.5	0.321941504
212	18.2	15.5	0.321941504
212	10.0	15.5	0.321941504
212	11.1	15.5	0.321941504
213	20.0	15.5	0.32206848
213	10.0	15.5	0.32206848
213	10.0	15.5	0.32206848
214	11.1	15.5	0.32206848
214	20.0	15.5	0.32206848
214	10.0	15.5	0.32206848
214	10.0	15.5	0.32206848
214	10.0	15.5	0.32206848
214	10.0	15.5	0.32206848
214	11.1	15.5	0.32206848
214	10.0	15.5	0.32206848
215	20.0	15.5	0.32206848
215	11.1	15.5	0.32206848
215	10.0	15.5	0.32206848
215	9.1	15.5	0.32206848
215	10.0	15.5	0.32206848
215	10.0	15.5	0.32206848
216	11.1	15.5	0.32206848
216	10.0	15.5	0.32206848
216	11.1	15.5	0.32206848
217	18.2	15.5	0.32206848
217	10.0	15.5	0.32206848
217	10.0	15.5	0.32206848
217	20.0	15.5	0.32206848
218	10.0	15.5	0.32206848
218	11.1	15.5	0.32206848
218	10.0	15.5	0.32206848
218	11.1	15.5	0.32206848
218	11.1	15.5	0.322195456
219	10.0	15.5	0.322195456
219	11.1	15.5	0.322195456
219	11.1	15.5	0.322195456
219	20.0	15.5	0.322195456
220	10.0	15.5	0.322195456
220	11.1	15.5	0.322195456
220	10.0	15.5	0.322195456
220	11.1	15.5	0.322195456
220	9.1	15.5	0.322195456
221	18.2	15.5	0.322195456
221	18.2	15.5	0.322195456
222	16.7	15.5	0.322195456
222	10.0	15.5	0.322195456
222	10.0	15.5	0.322195456
223	20.0	15.5	0.322195456
223	16.7	15.5	0.322195456
223	18.2	15.5	0.322195456
223	11.1	15.5	0.322195456
224	11.1	15.5	0.322195456
224	10.0	15.5	0.322195456
224	10.0	15.5	0.322195456
224	18.2	15.5	0.322195456
224	10.0	15.5	0.322195456
225	11.1	15.5	0.322195456
225	18.2	15.5	0.322195456
225	11.1	15.5	0.322187264
225	10.0	15.5	0.322187264
225	18.2	15.5	0.322187264
225	11.1	15.5	0.322187264
226	11.1	15.5	0.32231424
226	20.0	15.5	0.32231424
226	10.0	15.5	0.32231424
226	11.1	15.5	0.32231424
226	10.0	15.5	0.32231424
226	11.1	15.5	0.32231424
227	11.1	15.5	0.32231424
227	18.2	15.5	0.32231424
227	11.1	15.5	0.32231424
228	10.0	15.5	0.32231424
228	11.1	15.5	0.32231424
228	18.2	15.5	0.32231424
228	10.0	15.5	0.32231424
229	10.0	15.5	0.32231424
229	20.0	15.5	0.32231424
229	10.0	15.5	0.32231424
229	10.0	15.5	0.32231424
229	10.0	15.5	0.32231424
229	18.2	15.5	0.32231424
230	10.0	15.5	0.32231424
230	10.0	15.5	0.32231424
230	10.0	15.5	0.32231424
230	10.0	15.5	0.32231424
230	11.1	15.5	0.322441216
230	10.0	15.5	0.322441216
230	11.1	15.5	0.322441216
231	18.2	15.5	0.322441216
231	11.1	15.5	0.322441216
231	10.0	15.5	0.322441216
231	10.0	15.5	0.322441216
231	11.1	15.5	0.322441216
231	10.0	15.5	0.322441216
231	10.0	15.5	0.322441216
231	10.0	15.5	0.322441216
232	18.2	15.5	0.322441216
232	10.0	15.5	0.322441216
232	10.0	15.5	0.322441216
232	11.1	15.5	0.322441216
232	18.2	15.5	0.322441216
233	10.0	15.5	0.322441216
233	9.1	15.5	0.322441216
233	10.0	15.5	0.322441216
233	10.0	15.5	0.322441216
233	10.0	15.5	0.322441216
234	10.0	15.5	0.322441216
234	11.1	15.5	0.322080768
234	20.0	15.5	0.322080768
234	10.0	15.5	0.322060288
234	10.0	15.5	0.322060288
235	11.1	15.5	0.322060288
235	10.0	15.5	0.322060288
235	18.2	15.5	0.322060288
235	10.0	15.5	0.322060288
235	10.0	15.5	0.322060288
236	20.0	15.5	0.322060288
236	10.0	15.5	0.322060288
236	10.0	15.5	0.322060288
236	10.0	15.5	0.322060288
237	18.2	15.5	0.322060288
237	10.0	15.5	0.322060288
237	9.1	15.5	0.322060288
238	10.0	15.5	0.322060288
238	9.1	15.5	0.322060288
239	9.1	15.5	0.322060288
239	9.1	15.5	0.322060288
240	10.0	15.5	0.322060288
240	10.0	15.5	0.322060288
240	10.0	15.5	0.322060288
241	18.2	15.5	0.322060288
241	10.0	15.5	0.322060288
241	9.1	15.5	0.322060288
241	10.0	15.5	0.322060288
242	10.0	15.5	0.322060288
242	9.1	15.5	0.322060288
243	9.1	15.5	0.322060288
243	10.0	15.5	0.322060288
243	16.7	15.5	0.322060288
244	10.0	15.5	0.322060288
244	10.0	15.5	0.322060288
245	9.1	15.5	0.322060288
245	9.1	15.5	0.322060288
245	10.0	15.5	0.322060288
245	10.0	15.5	0.322060288
245	11.1	15.5	0.322060288
245	11.1	15.5	0.322060288
246	9.1	15.5	0.322060288
246	10.0	15.5	0.322060288
246	9.1	15.5	0.322060288
246	10.0	15.5	0.322060288
246	11.1	15.5	0.322060288
247	10.0	15.5	0.322060288
247	10.0	15.5	0.322060288
247	18.2	15.5	0.322060288
248	20.0	15.5	0.322060288
248	10.0	15.5	0.322060288
248	9.1	15.5	0.322060288
248	11.1	15.5	0.322060288
248	10.0	15.5	0.322060288
248	10.0	15.5	0.322060288
249	10.0	15.5	0.322060288
249	10.0	15.5	0.322060288
249	18.2	15.5	0.322060288
249	10.0	15.5	0.322060288
249	11.1	15.5	0.322060288
249	10.0	15.5	0.322060288
250	10.0	15.5	0.322060288
250	10.0	15.5	0.322060288
251	10.0	15.5	0.322060288
251	11.1	15.5	0.322060288
251	18.2	15.5	0.322060288
251	9.1	15.5	0.322060288
252	16.7	15.5	0.322060288
252	10.0	15.5	0.322060288
253	9.1	15.5	0.322568192
253	10.0	15.5	0.322568192
254	10.0	15.5	0.322568192
254	9.1	15.5	0.322568192
254	9.1	15.5	0.322568192
254	33.3	15.5	0.322568192
254	20.0	15.5	0.322568192
254	14.3	15.5	0.322568192
255	11.1	15.5	0.322568192
255	10.0	15.5	0.322568192
255	10.0	15.5	0.322568192
255	10.0	15.5	0.322568192
256	11.1	15.5	0.322568192
256	10.0	15.5	0.322568192
256	18.2	15.5	0.322568192
256	10.0	15.5	0.322568192
257	11.1	15.5	0.322568192
257	18.2	15.5	0.32256
257	10.0	15.5	0.32256
257	11.1	15.5	0.32256
258	11.1	15.5	0.32256
258	11.1	15.5	0.32256
258	10.0	15.5	0.32256
258	10.0	15.5	0.32256
259	20.0	15.5	0.32256
259	10.0	15.5	0.32256
259	10.0	15.5	0.32256
259	11.1	15.5	0.32256
260	10.0	15.5	0.32256
260	11.1	15.5	0.32256
260	10.0	15.5	0.32256
260	18.2	15.5	0.32256
260	10.0	15.5	0.32256
261	10.0	15.5	0.32256
261	11.1	15.5	0.32256
261	18.2	15.5	0.32256
261	10.0	15.5	0.32256
261	10.0	15.5	0.32256
261	10.0	15.5	0.32256
261	10.0	15.5	0.32256
261	10.0	15.5	0.32256
261	18.2	15.5	0.32256
262	10.0	15.5	0.32256
262	11.1	15.5	0.32256
262	18.2	15.5	0.32256
262	10.0	15.5	0.32256
262	18.2	15.5	0.32256
263	18.2	15.5	0.32256
263	20.0	15.5	0.32256
263	10.0	15.5	0.32256
263	10.0	15.5	0.32256
263	10.0	15.5	0.32256
264	11.1	15.5	0.32256
264	25.0	15.5	0.32256
264	11.1	15.5	0.32256
264	20.0	15.5	0.32256
264	10.0	15.5	0.32256
264	10.0	15.5	0.32256
264	11.1	15.5	0.32256
265	10.0	15.5	0.32256
265	11.1	15.5	0.322064384
265	10.0	15.5	0.322064384
265	25.0	15.5	0.322052096
265	10.0	15.5	0.322052096
265	11.1	15.5	0.322052096
266	10.0	15.5	0.322052096
266	18.2	15.5	0.322052096
266	11.1	15.5	0.322052096
266	10.0	15.5	0.322052096
266	10.0	15.5	0.322052096
266	10.0	15.5	0.322052096
266	11.1	15.5	0.322052096
267	10.0	15.5	0.322052096
267	11.1	15.5	0.322052096
267	18.2	15.5	0.322052096
267	11.1	15.5	0.322052096
267	10.0	15.5	0.322052096
268	11.1	15.5	0.322052096
268	9.1	15.5	0.322052096
268	10.0	15.5	0.322052096
268	18.2	15.5	0.322052096
269	20.0	15.5	0.322052096
269	10.0	15.5	0.322052096
269	10.0	15.5	0.322052096
269	20.0	15.5	0.322052096
269	10.0	15.5	0.322052096
270	10.0	15.5	0.322052096
270	20.0	15.5	0.322052096
270	25.0	15.5	0.322052096
271	20.0	15.5	0.322052096
272	16.7	15.5	0.322052096
272	11.1	15.5	0.322052096
272	10.0	15.5	0.322052096
272	10.0	15.5	0.322052096
272	11.1	15.5	0.322052096
272	10.0	15.5	0.322052096
273	20.0	15.5	0.322052096
273	16.7	15.5	0.322052096
273	18.2	15.5	0.322052096
274	18.2	15.5	0.322052096
274	10.0	15.5	0.322052096
274	10.0	15.5	0.322052096
274	10.0	15.5	0.322052096
274	10.0	15.5	0.322052096
274	11.1	15.5	0.322052096
274	10.0	15.5	0.322052096
275	18.2	15.5	0.322052096
275	10.0	15.5	0.322052096
275	10.0	15.5	0.322052096
275	10.0	15.5	0.322052096
276	18.2	15.5	0.322052096
276	10.0	15.5	0.322052096
276	10.0	15.5	0.322052096
276	10.0	15.5	0.322052096
277	10.0	15.5	0.322052096
277	10.0	15.5	0.322052096
277	11.1	15.5	0.322052096
277	10.0	15.5	0.322052096
277	10.0	15.5	0.322052096
278	11.1	15.5	0.322052096
278	18.2	15.5	0.322052096
278	11.1	15.5	0.322052096
278	10.0	15.5	0.322052096
278	10.0	15.5	0.322052096
278	20.0	15.5	0.322052096
279	10.0	15.5	0.322052096
279	18.2	15.5	0.322052096
279	10.0	15.5	0.322052096
279	10.0	15.5	0.322052096
279	11.1	15.5	0.322052096
279	20.0	15.5	0.322052096
280	10.0	15.5	0.322052096
280	18.2	15.5	0.322052096
280	18.2	15.5	0.322052096
280	10.0	15.5	0.322052096
280	10.0	15.5	0.322052096
280	10.0	15.5	0.322052096
280	11.1	15.5	0.322052096
281	18.2	15.5	0.322052096
281	9.1	15.5	0.322052096
282	10.0	15.5	0.322052096
282	11.1	15.5	0.322052096
282	18.2	15.5	0.322052096
282	10.0	15.5	0.322052096
283	10.0	15.5	0.322052096
283	9.1	15.5	0.322052096
283	10.0	15.5	0.322179072
284	11.1	15.5	0.322179072
284	18.2	15.5	0.322179072
284	11.1	15.5	0.322179072
285	10.0	15.5	0.322179072
286	18.2	15.5	0.322179072
286	10.0	15.5	0.322179072
287	10.0	15.5	0.322179072
287	10.0	15.5	0.322179072
287	10.0	15.5	0.322179072
287	10.0	15.5	0.322179072
288	9.1	15.5	0.322179072
288	10.0	15.5	0.322179072
288	11.1	15.5	0.322179072
289	11.1	15.5	0.322179072
289	10.0	15.5	0.322306048
289	10.0	15.5	0.322306048
289	10.0	15.5	0.322306048
289	10.0	15.5	0.322306048
290	27.3	15.5	0.322306048
290	10.0	15.5	0.322306048
290	11.1	15.5	0.322297856
290	10.0	15.5	0.322297856
290	20.0	15.5	0.322297856
290	10.0	15.5	0.322297856
291	10.0	15.5	0.322297856
291	11.1	15.5	0.322297856
291	10.0	15.5	0.322297856
291	10.0	15.5	0.322297856
291	20.0	15.5	0.322297856
292	10.0	15.5	0.322297856
292	10.0	15.5	0.322297856
292	10.0	15.5	0.322297856
292	18.2	15.5	0.322297856
292	10.0	15.5	0.322297856
293	10.0	15.5	0.322297856
293	11.1	15.5	0.322297856
293	18.2	15.5	0.322297856
293	10.0	15.5	0.322297856
293	11.1	15.5	0.322297856
294	10.0	15.5	0.322297856
294	20.0	15.5	0.322424832
294	10.0	15.5	0.322424832
294	18.2	15.5	0.322424832
294	10.0	15.5	0.322424832
294	11.1	15.5	0.322424832
294	10.0	15.5	0.322424832
295	11.1	15.5	0.322424832
295	18.2	15.5	0.322424832
295	11.1	15.5	0.322424832
296	18.2	15.5	0.322424832
296	20.0	15.5	0.322064384
296	11.1	15.5	0.322043904
296	10.0	15.5	0.322043904
296	20.0	15.5	0.322043904
297	20.0	15.5	0.322043904
297	10.0	15.5	0.322043904
297	20.0	15.5	0.322043904
297	11.1	15.5	0.322043904
297	11.1	15.5	0.322043904
298	10.0	15.5	0.322043904
298	20.0	15.5	0.322043904
298	10.0	15.5	0.322043904
298	18.2	15.5	0.322043904
299	18.2	15.5	0.322043904
299	11.1	15.5	0.322043904
299	18.2	15.5	0.322043904
299	18.2	15.5	0.322043904
299	11.1	15.5	0.322043904
300	10.0	15.5	0.322043904
300	10.0	15.5	0.322043904
