timeFrame	bandUsed
1	0.907813
2	0.907813
2	0.5566411
3	18.21753
3	0.907813
4	37.76409
4	0.907813
5	45.928160000000005
6	56.602399999999996
6	0.0386718
7	62.5606
7	0.0386718
8	45.91717
8	0.0386718
9	47.51598
9	0.0386718
10	52.03418
11	42.02714
12	37.47913
13	39.82244
14	43.40493
16	25.60037
16	28.508989999999997
17	28.94298
18	29.3461
20	23.66714
20	21.94455
21	12.833200000000001
22	10.39024
23	12.371480000000002
24	13.431249999999999
25	11.46094
26	10.17929
27	5.73633
28	4.3332
29	0.951562
30	0.951562
31	0.951562
32	1.052343
33	1.052343
34	0.7773429999999999
35	0.926562
36	0.491406
37	0.491406
39	0.788281
39	0.96875
40	1.1617190000000002
42	3.29883
42	3.29883
43	3.29883
44	3.4511700000000003
45	3.4511700000000003
46	0.65
47	1.6874959999999999
48	1.6874959999999999
49	1.5624959999999999
50	1.7039090000000001
51	1.7039090000000001
52	1.049219
53	3.2628909999999998
54	3.0027369999999998
55	3.2628909999999998
56	3.68672
57	3.68672
58	2.65507
58	0.0507812
59	14.06723
59	0.0507812
60	14.081610000000001
60	0.0507812
61	2.083983
62	2.825777
63	2.825777
64	3.9836
65	3.9836
66	4.125
67	6.15507
68	6.53242
69	5.5082
70	6.0082
71	5.30976
72	5.30976
73	2.3085970000000002
74	2.4507779999999997
75	5.58828
76	5.45977
77	5.53008
78	5.27969
79	4.95937
80	2.68711
81	2.68711
82	2.350005
83	2.6746100000000004
84	4.13711
85	10.285540000000001
86	13.73903
87	16.15506
88	18.26483
89	14.113669999999999
90	14.113669999999999
91	9.31719
92	9.31719
93	9.31719
94	0.37890609999999997
95	0.847656
96	0.847656
99	1.1445310000000002
100	1.1445310000000002
100	0.829687
100	0.574218
101	0.685157
102	6.33007
103	6.96563
104	7.07813
105	7.07813
106	7.025
107	7.025
108	7.025
109	0.517968
110	2.153124
111	7.14219
112	8.05586
113	8.05586
114	8.33262
115	7.01387
116	7.01387
117	1.530663
119	1.679885
119	0.0507812
119	1.679885
119	0.0507812
120	1.679885
120	0.0507812
121	0.8523430000000001
121	0.0507812
122	0.8523430000000001
122	0.0507812
123	0.617774
124	0.792773
125	0.9716800000000001
126	0.9716800000000001
127	1.3035160000000001
128	2.006643
129	3.02539
130	3.1746100000000004
131	3.1746100000000004
132	3.28711
133	2.019918
134	1.001172
136	0.97539
136	1.063672
137	1.063672
138	1.063672
139	0.595313
140	0.595313
141	0.783593
142	1.006251
144	1.006251
145	0.876562
146	0.876562
147	1.542969
148	3.65703
149	4.1707
150	4.50429
151	4.50429
152	4.50429
153	1.669139
154	1.669139
155	1.669139
156	0.938281
157	0.938281
158	4.03477
159	1.101953
160	1.5503900000000002
161	1.691796
162	2.47461
163	2.47461
164	2.47461
165	1.264844
166	5.389060000000001
167	4.88086
168	5.17774
169	5.17774
170	0.7128909999999999
171	0.508594
172	10.09023
173	14.31012
174	15.24919
175	15.33906
176	15.33906
177	2.499218
178	2.499218
179	1.7640609999999999
179	0.0507812
180	1.9929729999999999
180	0.0507812
181	2.140626
181	0.0507812
182	1.133594
182	0.0507812
183	1.446094
183	0.0507812
185	2.159374
185	1.6695319999999998
186	2.63789
187	6.87226
188	25.09452
189	26.5199
190	27.21405
191	1.983594
192	3.641408
193	3.641408
194	6.62734
195	18.54495
196	18.89653
197	15.773100000000001
198	16.2965
199	18.29137
200	7.460929999999999
201	9.05898
202	8.92656
203	9.0582
204	4.055469
205	3.458981
206	3.321873
207	3.2140589999999998
208	3.2140589999999998
213	2.691016
213	1.770701
213	1.770701
213	1.693749
213	1.693749
214	9.9207
215	11.35547
216	12.03477
217	17.47967
218	19.13554
219	10.55391
220	9.04101
221	9.59531
222	9.59531
223	2.47578
224	7.933199999999999
225	25.871899999999997
226	28.76445
227	29.43399
228	29.58823
229	29.58823
230	29.58823
231	29.58823
232	29.58823
233	0.452735
234	1.321485
235	1.995702
236	2.251173
237	2.519534
238	2.322268
239	1.453519
239	0.0507812
240	5.03984
240	0.0507812
241	5.03984
241	0.0507812
242	5.03984
242	0.0507812
243	5.03984
243	0.0507812
244	5.03984
244	0.0507812
245	0.14765620000000002
246	4.6877
247	10.774223
248	10.774223
249	10.774223
250	11.403880000000001
251	4.6820319999999995
252	8.515229999999999
253	8.2082
254	8.2082
255	7.430859999999999
256	7.430859999999999
257	0.0703124
258	0.0703124
259	0.0703124
260	0.0703124
261	0.0703124
262	0.0703124
263	0.0703124
264	0.0703124
278	0.2117184
278	0.2117184
278	0.2117184
278	0.391406
278	0.391406
278	0.32734399999999997
278	0.32734399999999997
278	0.32734399999999997
278	0.367187
278	0.367187
278	0.21953109999999998
278	0.21953109999999998
278	0.21953109999999998
278	0.21953109999999998
279	1.406641
280	6.15742
281	7.301169999999999
282	29.529339999999998
283	31.899990000000003
284	31.899990000000003
285	31.899990000000003
286	9.59414
287	5.0308600000000006
288	0.386719
289	0.386719
290	0.386719
291	0.386719
292	0.461523
293	0.461523
294	0.461523
295	0.244336
296	0.427539
297	0.427539
298	0.478515
299	0.478515
299	0.0507812
300	0.478515
300	0.0507812
301	0.49218799999999996
301	0.0507812
302	0.49218799999999996
302	0.0507812
303	0.49218799999999996
303	0.0507812
304	0.49218799999999996
304	0.0507812
305	0.286719
306	0.286719
307	2.171294
308	6.55019
309	27.63225
310	35.11974
311	35.426790000000004
312	36.3855
313	31.77928
314	10.978119999999999
315	3.669531
316	3.669531
317	3.669531
318	3.669531
319	0.31875
320	0.31875
321	0.31875
322	1.449614
323	2.639064
324	2.371487
325	2.890234
326	3.7711
327	3.7711
328	3.7711
329	1.886328
330	1.886328
331	2.887504
332	4.51445
333	8.27383
334	13.62188
335	14.21875
336	12.443359999999998
337	12.17735
338	12.17735
339	2.724608
340	2.486327
341	2.239848
342	2.239848
343	1.1515630000000001
344	1.010156
345	0.651562
346	1.0742189999999998
347	1.0742189999999998
348	1.0742189999999998
349	1.061328
350	1.061328
351	1.061328
352	10.8836
353	20.55743
354	20.76408
355	21.5531
356	21.5531
357	21.5531
358	0.995703
358	0.0507812
359	0.2968747
359	0.0507812
360	0.2968747
360	0.0507812
361	0.720704
361	0.0507812
362	3.7972599999999996
362	0.0507812
363	3.7972599999999996
363	0.0507812
364	3.7972599999999996
364	0.0507812
365	3.82305
366	3.82305
367	0.636719
368	1.414063
369	1.335547
370	1.335547
371	1.335547
372	2.163669
373	2.163669
374	1.851954
375	2.203516
376	1.079687
377	1.053907
378	1.254688
379	1.254688
380	0.974805
381	0.974805
382	0.877929
383	0.702929
384	0.439453
385	0.439453
386	1.7207029999999999
387	1.7207029999999999
388	1.7207029999999999
389	1.955466
390	1.955466
391	0.8125
392	0.8125
393	0.8125
394	0.6691400000000001
395	0.6691400000000001
396	0.569531
397	0.775
398	0.775
399	0.83125
400	1.0667970000000002
401	1.0667970000000002
402	2.09297
403	2.09297
404	2.09297
405	2.114068
406	2.61523
407	1.234375
408	1.409375
409	1.409375
410	1.409375
411	0.882422
412	2.236329
413	2.087107
414	2.54493
415	2.54493
416	2.54493
417	0.558204
418	0.558204
419	0.921094
419	0.0507812
420	0.921094
420	0.0507812
421	1.126563
421	0.0507812
422	1.126563
422	0.0507812
423	1.126563
423	0.0507812
424	0.631641
425	0.631641
426	0.466407
427	0.633203
428	0.633203
429	0.670703
430	0.8644529999999999
431	0.43789100000000003
432	0.8324210000000001
433	1.042187
434	1.042187
435	1.042187
436	1.002344
437	2.117972
438	2.117972
439	2.117972
440	2.089064
441	2.324614
442	0.660547
443	1.0105469999999999
444	1.2675779999999999
445	1.2675779999999999
446	0.9425779999999999
447	2.39961
448	2.39961
449	0.272656
450	0.272656
451	0.670703
452	0.943359
453	0.943359
454	0.943359
455	0.94336
456	0.94336
457	0.465234
458	0.465234
459	0.5660149999999999
460	0.5660149999999999
461	0.5660149999999999
462	0.633204
463	0.633204
464	0.471094
465	0.565625
466	0.9121090000000001
467	2.200781
468	2.200781
469	2.200781
470	2.42734
471	2.42734
472	0.833985
473	1.095313
474	0.807031
475	0.807031
476	1.3265630000000002
477	2.45586
478	2.142967
479	2.173051
479	0.0507812
480	2.173051
480	0.0507812
481	0.488281
482	1.046485
483	1.046485
484	1.3191410000000001
485	1.3191410000000001
486	1.3191410000000001
487	0.555469
488	0.555469
489	0.8253900000000001
490	0.8253900000000001
491	1.1753900000000002
492	1.1753900000000002
493	1.1753900000000002
494	1.1753900000000002
495	0.659765
496	0.785157
497	1.192579
498	1.492578
499	1.492578
500	1.492578
501	1.492578
502	2.35391
503	2.35391
504	2.2593699999999997
505	2.7660099999999996
506	2.7660099999999996
507	2.7660099999999996
508	1.049219
509	1.049219
510	1.049219
511	1.293359
512	2.467581
513	2.467581
514	0.285547
515	0.285547
516	0.285547
517	0.80625
518	0.80625
519	0.6875
520	1.284375
521	1.284375
522	1.284375
523	1.034766
524	1.034766
525	1.034766
526	1.070703
527	1.070703
528	1.070703
529	0.869922
530	1.1183589999999999
531	0.755469
532	2.05977
533	2.05977
534	2.204687
535	2.45313
536	2.45313
537	0.822656
538	0.971875
539	0.971875
539	0.0507812
540	0.4589843
540	0.0507812
541	0.8570310000000001
541	0.0507812
542	0.8570310000000001
542	0.0507812
543	0.7777339999999999
544	0.9453119999999999
545	0.9453119999999999
546	1.522657
547	1.7410160000000001
548	1.7410160000000001
549	2.33515
550	2.33515
551	2.33515
552	2.33515
553	2.33515
554	0.2710937
555	0.2710937
556	0.778125
557	1.188672
558	1.188672
559	1.214453
560	1.214453
561	1.214453
562	0.9628909999999999
563	1.163672
564	1.110938
565	2.54063
566	2.54063
567	2.54063
568	2.219143
569	2.219143
570	2.219143
571	1.383594
572	1.383594
573	1.383594
574	1.08711
575	1.08711
576	1.08711
577	1.958201
578	1.958201
579	0.205468
580	0.450781
581	0.450781
582	0.450781
583	0.800781
584	0.800781
585	0.800781
586	1.122266
587	1.122266
588	1.122266
589	1.032031
590	1.032031
591	1.032031
592	0.775
593	0.775
594	0.669141
595	1.260547
596	1.260547
597	1.260547
598	1.260547
599	0.745313
599	0.0507812
600	0.745313
600	0.0507812
601	0.410937
601	0.0507812
602	1.13125
602	0.0507812
603	1.13125
603	0.0507812
604	1.13125
604	0.0507812
605	1.13125
605	0.0507812
606	1.13125
606	0.0507812
607	0.912891
608	1.6613280000000001
609	1.866799
610	1.866799
611	1.866799
612	1.866799
613	1.866799
614	0.8566400000000001
615	0.8566400000000001
616	1.241797
617	1.241797
618	1.241797
619	1.241797
620	2.093359
621	2.093359
622	1.965235
623	1.965235
624	0.44961
625	0.44961
626	0.5826169999999999
627	0.829493
628	0.829493
629	0.829493
630	2.08691
631	2.136519
632	1.919918
633	2.069139
634	2.069139
635	2.069139
636	0.9726569999999999
637	1.2535159999999999
638	1.076953
639	1.517969
640	1.517969
641	1.517969
642	1.695313
643	1.695313
644	0.552343
645	0.552343
646	0.898828
647	0.644922
648	0.644922
649	0.6433599999999999
650	0.6433599999999999
651	0.608203
652	0.800781
653	0.800781
654	0.786719
655	1.070703
656	1.070703
657	1.0
658	1.2226560000000002
659	1.2226560000000002
659	0.0507812
660	0.694531
660	0.0507812
661	1.079687
661	0.0507812
662	2.15078
662	0.0507812
663	2.15078
663	0.0507812
664	2.15078
664	0.0507812
665	2.186326
666	2.48633
667	0.71211
668	0.9589840000000001
669	1.125782
670	1.125782
671	0.748437
672	2.12891
673	2.12891
674	0.35
675	0.35
676	0.547266
677	0.832813
678	0.832813
679	0.832813
680	1.007812
681	1.007812
682	0.76914
683	0.76914
684	0.7351559999999999
685	0.7351559999999999
686	0.7351559999999999
687	0.802344
688	0.802344
689	0.407422
690	0.655859
691	0.7039070000000001
692	2.41445
693	2.41445
694	2.353907
695	2.6539099999999998
696	2.6539099999999998
697	0.977344
698	1.178125
699	0.799609
700	1.057813
701	1.057813
702	1.057813
703	0.495312
704	0.7953129999999999
705	0.7953129999999999
706	1.7273429999999999
707	1.7273429999999999
708	1.7273429999999999
709	1.348047
710	1.784375
711	1.784375
712	1.0105469999999999
713	1.0105469999999999
714	1.158594
715	1.046484
716	1.046484
717	1.046484
718	1.046484
719	0.639453
719	0.0507812
720	0.639453
720	0.0507812
721	1.0175779999999999
721	0.0507812
722	1.317578
722	0.0507812
723	1.317578
723	0.0507812
724	1.002344
725	1.002344
726	1.002344
727	0.542578
728	0.542578
729	0.7480469999999999
730	2.519142
731	2.519142
732	2.519142
733	2.2105449999999998
734	2.2105449999999998
735	2.2105449999999998
736	1.1386720000000001
737	1.1386720000000001
738	1.1386720000000001
739	0.337109
740	0.337109
741	0.337109
742	0.8652340000000001
743	0.8652340000000001
744	0.7593749999999999
745	1.1351559999999998
746	1.1351559999999998
747	1.1351559999999998
748	0.607032
749	0.2195315
750	0.2195315
751	0.604687
752	1.1628910000000001
753	1.1628910000000001
754	1.1628910000000001
755	1.214453
756	1.214453
757	1.003125
758	1.175
759	1.070703
760	2.41992
761	2.53047
762	2.53047
763	1.846095
764	1.846095
765	1.6793010000000002
766	0.676562
767	0.8
768	0.8
769	0.832422
770	0.832422
771	0.832422
772	0.446875
773	0.746875
774	0.926562
775	1.3855469999999999
776	1.3855469999999999
777	1.3855469999999999
778	0.9628909999999999
779	0.783203
779	0.0507812
780	0.783203
780	0.0507812
781	1.019141
781	0.0507812
782	1.019141
782	0.0507812
783	1.019141
783	0.0507812
784	1.00625
785	1.00625
786	1.00625
787	0.594141
788	0.594141
789	0.707813
790	0.707813
791	1.619532
792	1.7558639999999999
793	1.7558639999999999
794	1.33086
795	1.837497
796	2.196874
797	1.0281250000000002
798	1.151562
799	1.151562
800	0.644921
801	1.8761709999999998
802	2.017184
803	0.324218
804	0.478125
805	0.478125
806	0.478125
807	0.646093
808	0.646093
809	0.3300785
810	0.479297
811	0.670703
812	0.670703
813	0.670703
814	0.617578
815	0.617578
816	0.608203
817	0.839453
818	0.839453
819	0.8843749999999999
820	0.8843749999999999
821	0.8843749999999999
822	0.673438
823	0.673438
824	0.673438
825	0.7519530000000001
826	1.2156250000000002
827	1.2156250000000002
828	1.092187
829	1.092187
830	1.092187
831	1.653511
832	2.090239
833	2.090239
834	2.244144
835	2.244144
836	2.244144
837	0.24531209999999998
838	0.49375
839	0.49375
839	0.0507812
840	0.873047
840	0.0507812
841	1.271093
841	0.0507812
842	1.271093
842	0.0507812
843	1.271093
843	0.0507812
844	0.6691400000000001
845	0.6691400000000001
846	0.6691400000000001
847	0.878125
848	0.6199220000000001
849	0.851171
850	1.122266
851	1.122266
852	1.122266
853	1.4511720000000001
854	1.4511720000000001
855	1.032032
856	1.678515
857	1.678515
858	1.678515
859	1.219922
860	1.219922
861	1.736331
862	2.052347
863	2.052347
864	1.741796
865	2.027339
866	2.027339
867	0.601562
868	0.2597655
869	0.2597655
870	0.1105468
871	0.663672
872	0.663672
873	0.890234
874	0.890234
875	0.890234
876	0.890234
877	0.800782
878	0.800782
879	1.001954
880	1.001954
881	1.001954
882	1.001954
883	1.001954
884	0.0574218
885	0.33164
886	0.716796
887	2.182417
888	2.182417
889	2.182417
890	2.267189
891	2.267189
892	0.557422
893	0.817188
894	0.983984
895	0.567578
896	1.022656
897	2.042971
898	2.042971
899	1.876169
899	0.0507812
900	1.876169
900	0.0507812
901	0.43671899999999997
902	1.007812
903	1.007812
904	1.007812
905	1.3191410000000001
906	1.3191410000000001
907	0.778125
908	0.778125
909	0.643359
910	0.643359
911	0.643359
912	0.839453
913	0.839453
914	0.839453
915	0.608203
916	0.694922
917	0.694922
918	1.250976
919	1.250976
920	1.063086
921	1.311524
922	1.118945
923	1.118945
924	1.1628910000000001
925	1.1628910000000001
926	0.696094
927	0.9960929999999999
928	0.9960929999999999
929	2.70938
930	2.70938
931	2.51875
932	0.380469
933	0.375782
934	0.375782
935	0.672657
936	0.672657
937	0.672657
938	0.444531
939	1.1894529999999999
940	0.892578
941	1.13789
942	1.13789
943	1.13789
944	1.0578130000000001
945	1.0578130000000001
946	1.069531
947	1.069531
948	1.069531
949	0.5539069999999999
950	0.5539069999999999
951	0.5539069999999999
952	1.7566410000000001
953	1.7566410000000001
954	1.703903
955	2.002345
956	2.002345
957	2.002345
958	0.853906
959	0.943359
959	0.0507812
960	0.644922
960	0.0507812
961	1.342187
961	0.0507812
962	2.7296899999999997
962	0.0507812
963	2.418357
963	0.0507812
964	2.434762
965	2.434762
966	2.434762
967	0.506641
968	0.506641
969	0.673438
970	0.9589840000000001
971	0.9589840000000001
972	0.9589840000000001
973	0.9589840000000001
974	0.739062
975	0.739062
976	1.021875
977	1.320312
978	1.320312
979	1.320312
980	0.839453
981	0.839453
982	0.839453
983	0.8019529999999999
984	0.775
985	2.196094
986	2.196094
987	2.196094
988	1.832808
989	2.2390660000000002
990	2.2390660000000002
991	1.3863279999999998
992	1.3863279999999998
993	1.3863279999999998
994	0.7621089999999999
995	0.7621089999999999
996	0.7621089999999999
997	1.671094
998	1.671094
999	1.876563
1000	2.175
1001	2.175
1002	2.175
1003	0.885156
1004	1.00586
1005	1.00586
1006	1.436328
1007	1.436328
1008	1.436328
1009	1.3921869999999998
1010	0.9167970000000001
1011	0.9167970000000001
1012	0.9167970000000001
1013	0.9167970000000001
1014	0.489453
1015	0.489453
1016	1.838668
1017	1.949219
1018	1.949219
1019	1.793356
1019	0.0507812
1020	2.312888
1020	0.0507812
1021	2.54414
1021	0.0507812
1022	1.194922
1022	0.0507812
1023	1.3957030000000001
1023	0.0507812
1024	1.3957030000000001
1025	1.3957030000000001
1026	2.181251
1027	2.181251
1028	2.0175799999999997
1029	0.8777349999999999
1030	0.8777349999999999
1031	0.8777349999999999
1032	0.9496089999999999
1033	0.9496089999999999
1034	0.954688
1035	0.954688
1036	0.9921869999999999
1037	0.9921869999999999
1038	0.9921869999999999
1039	0.528125
1040	0.528125
1041	0.582422
1042	0.582422
