timeFrame	TimeOverhead
3	3326
2	3967
2	4260
2	4211
2	4323
2	4056
2	4037
3	3407
3	3357
2	4352
3	3451
3	3208
3	3352
2	4339
2	4482
2	4300
3	3248
2	4002
2	4115
2	4296
3	3323
2	4249
3	3356
2	4040
2	4073
3	3282
3	3496
2	4522
2	4390
2	4225
3	3341
2	4208
2	4399
2	4511
2	4152
2	4092
3	3501
3	3524
2	4246
2	4297
2	4138
2	4201
2	4524
2	4592
3	3349
2	4094
2	4518
3	3607
2	4189
2	4391
2	4361
2	4383
2	4434
2	4588
2	4317
2	4348
3	3394
3	3405
3	3488
2	4333
3	3452
2	4539
2	4603
3	3376
2	4483
3	3613
3	3646
2	4579
3	3576
3	3566
3	3670
2	4291
2	4353
2	4314
2	4306
3	3504
2	4581
3	3517
3	3559
4	5221
4	5108
3	5777
4	5167
4	5150
4	4955
3	5868
4	5105
4	5077
4	5101
4	5135
4	5047
4	5149
3	5968
4	5031
4	5365
4	5186
3	5932
3	5912
4	5248
4	5240
4	5392
4	5375
4	5154
4	5114
3	6085
3	6035
3	5925
3	6013
3	6075
4	5159
3	5986
4	5284
3	6050
4	5277
3	6103
3	5974
4	5209
4	5426
4	5206
4	5147
4	5481
4	5421
3	6188
4	5427
4	5410
3	6167
3	6208
4	5161
3	6091
3	6221
4	5457
4	5449
3	6156
4	5319
3	6208
4	5222
8	17615
8	17666
5	20656
8	17619
6	19493
7	18557
4	21476
4	21530
8	17731
5	20707
8	17816
6	19649
6	19556
6	19893
6	19874
7	18838
8	17845
7	18594
7	18869
7	18955
6	20019
7	18646
7	18913
6	19859
8	17770
7	19041
7	18603
5	21085
5	20796
5	20935
6	19969
6	20051
7	18724
6	19896
5	20809
13	12691
7	18722
8	18115
8	18077
6	19967
5	21042
7	18809
5	20811
5	20985
5	20804
6	19770
5	21117
5	21070
7	19099
6	20043
5	20929
5	21075
6	19830
4	21886
5	21043
6	19961
5	21260
6	19972
5	21318
8	18051
5	21126
5	20881
8	17970
6	20017
8	18124
5	21230
7	19436
7	19447
7	19558
6	20669
4	22278
6	20116
8	18300
5	21351
7	19484
6	20584
6	20574
7	19326
7	19567
4	22234
8	18557
8	18268
6	20175
6	20255
5	21381
4	22261
7	19665
5	21273
7	19386
5	21263
8	18417
7	19508
5	21489
8	18702
6	20235
6	20566
6	21268
7	20258
7	36341
7	36731