timeFrame	cpuPerc	memoryPerc	memoryUsed
1	10.0	61.9	1.287548928
1	10.0	62.0	1.288052736
2	10.0	62.0	1.288220672
2	40.0	62.0	1.288527872
2	40.0	61.9	1.287397376
2	40.0	61.9	1.287036928
2	12.5	61.9	1.287385088
2	20.0	61.9	1.287766016
2	50.0	62.0	1.288400896
2	33.3	62.0	1.288527872
3	44.4	62.0	1.288527872
3	83.3	62.0	1.288892416
3	100.0	62.0	1.289019392
3	66.7	62.0	1.28940032
3	90.0	62.0	1.289654272
3	63.6	62.1	1.290752
3	40.0	62.1	1.290878976
4	88.9	63.0	1.310629888
4	80.0	64.2	1.335656448
4	63.6	65.5	1.362321408
4	100.0	67.4	1.401683968
4	100.0	69.3	1.440231424
4	100.0	71.0	1.475149824
4	80.0	72.1	1.499656192
4	54.5	72.9	1.51463936
4	88.9	74.6	1.55082752
4	50.0	75.5	1.569746944
5	72.7	77.0	1.599967232
5	100.0	79.1	1.64478976
5	100.0	81.4	1.691471872
5	100.0	81.7	1.698328576
5	100.0	81.8	1.701363712
5	100.0	82.0	1.70428416
5	100.0	82.1	1.707077632
5	100.0	82.3	1.710125056
5	100.0	82.4	1.712664576
5	100.0	82.5	1.715585024
6	90.9	82.7	1.71952128
6	77.8	82.9	1.723584512
6	100.0	83.4	1.732980736
6	90.9	83.9	1.743757312
6	88.9	84.5	1.757724672
6	100.0	85.1	1.769279488
6	100.0	85.9	1.785913344
6	90.0	86.5	1.797967872
6	91.7	86.6	1.801142272
6	100.0	86.8	1.804824576
7	100.0	86.8	1.80549632
7	100.0	86.8	1.805623296
7	81.8	86.8	1.805623296
7	100.0	86.9	1.805651968
7	100.0	86.9	1.805651968
7	50.0	86.9	1.805901824
7	50.0	86.9	1.805901824
7	100.0	86.9	1.8060288
7	100.0	86.9	1.80666368
7	100.0	86.9	1.807171584
8	100.0	86.9	1.807171584
8	100.0	86.9	1.807171584
8	100.0	87.0	1.808187392
8	100.0	87.3	1.8141184
8	100.0	87.5	1.819070464
8	100.0	87.7	1.824149504
8	100.0	88.0	1.828847616
8	100.0	88.2	1.83455744
8	100.0	88.7	1.845096448
8	80.0	89.1	1.85296896
9	100.0	89.6	1.86320896
9	100.0	90.2	1.874432
9	100.0	90.7	1.884839936
9	100.0	90.7	1.884913664
9	44.4	90.7	1.885425664
9	100.0	90.7	1.885888512
9	100.0	90.8	1.887240192
9	100.0	90.8	1.888002048
9	100.0	91.1	1.89333504
9	100.0	91.1	1.893842944
10	100.0	91.1	1.894305792
10	90.0	91.1	1.894592512
10	10.0	91.1	1.894592512
10	54.5	91.2	1.896669184
10	80.0	91.2	1.896669184
10	100.0	91.2	1.896763392
10	90.0	91.2	1.897017344
10	40.0	91.2	1.897050112
10	100.0	91.2	1.897050112
11	100.0	91.2	1.897050112
11	100.0	91.2	1.897050112
11	100.0	91.2	1.897050112
11	100.0	91.8	1.90793728
11	100.0	92.2	1.917362176
11	100.0	92.8	1.92944128
11	100.0	93.3	1.94029568
11	100.0	93.9	1.951883264
11	100.0	94.5	1.964027904
11	72.7	95.1	1.976991744
12	18.2	95.1	1.976991744
12	100.0	95.1	1.976991744
12	100.0	96.0	1.994903552
12	100.0	96.3	2.001620992
12	100.0	96.6	2.00892416
12	30.0	96.6	2.00843264
12	63.6	97.1	2.018889728
12	100.0	97.1	2.019397632
13	100.0	97.1	2.019651584
13	100.0	97.2	2.020139008
13	80.0	97.2	2.020265984
13	90.0	97.2	2.020380672
13	36.4	97.2	2.020380672
13	40.0	97.2	2.020380672
13	100.0	97.2	2.021142528
13	80.0	97.1	2.018082816
13	100.0	97.1	2.018209792
13	100.0	97.4	2.02463232
14	100.0	97.9	2.03501568
14	100.0	98.1	2.039087104
14	88.9	98.4	2.045546496
14	100.0	98.6	2.050387968
14	81.8	98.6	2.050318336
14	11.1	98.6	2.050445312
14	45.5	98.9	2.05637632
14	30.0	98.9	2.056351744
14	100.0	98.5	2.04808192
15	72.7	99.0	2.057764864
15	100.0	99.4	2.067562496
15	100.0	99.6	2.071375872
15	20.0	99.9	2.076377088
15	33.3	99.9	2.07757312
15	33.3	100.0	2.07814656
15	36.4	100.0	2.078830592
15	40.0	100.0	2.079035392
15	22.2	100.0	2.079035392
16	63.6	99.7	2.072440832
16	44.4	99.1	2.06118912
16	10.0	99.1	2.05989888
16	27.3	99.1	2.061242368
17	44.4	99.2	2.062045184
17	45.5	99.2	2.062884864
17	45.5	99.3	2.064801792
17	20.0	99.4	2.0661248
17	25.0	99.4	2.067456
17	50.0	97.8	2.033389568
17	33.3	98.0	2.03732992
17	50.0	98.3	2.04324864
17	90.9	98.9	2.055258112
17	91.7	98.7	2.051694592
18	87.5	98.8	2.05334528
18	45.5	98.8	2.053832704
18	44.4	98.8	2.053832704
18	22.2	98.8	2.05379584
18	27.3	98.8	2.054049792
18	81.8	99.1	2.060271616
18	66.7	99.3	2.064334848
18	54.5	98.6	2.0508672
18	54.5	98.7	2.052165632
19	88.9	99.0	2.057814016
19	90.0	98.7	2.052558848
19	90.0	98.8	2.054193152
19	83.3	98.9	2.055258112
19	55.6	99.1	2.059554816
19	11.1	98.2	2.041806848
19	10.0	98.1	2.0390912
19	10.0	98.0	2.038063104
19	27.3	98.0	2.038063104
20	10.0	98.0	2.038042624
20	11.1	98.0	2.037358592
20	30.0	98.0	2.03767808
20	20.0	98.0	2.037563392
20	10.0	98.0	2.037366784
20	18.2	98.0	2.036924416
20	10.0	97.9	2.036236288
20	20.0	97.9	2.035990528
21	11.1	97.9	2.03515904
21	11.1	97.9	2.034716672
21	33.3	97.9	2.03466752
21	90.9	98.0	2.036555776
21	75.0	98.5	2.048667648
21	72.7	99.3	2.065207296
21	75.0	99.0	2.058543104
21	50.0	99.2	2.06149632
21	60.0	99.2	2.062721024
21	70.0	99.3	2.064244736
22	66.7	99.3	2.064379904
22	66.7	99.1	2.059784192
22	77.8	99.1	2.060455936
22	80.0	99.1	2.060795904
22	36.4	99.0	2.057506816
22	30.0	99.0	2.057252864
22	10.0	99.0	2.057506816
22	66.7	99.1	2.061164544
22	70.0	99.2	2.063269888
22	77.8	99.4	2.066190336
23	87.5	99.2	2.062659584
23	46.2	98.8	2.054529024
23	18.2	98.8	2.054529024
23	40.0	98.8	2.055012352
23	55.6	98.9	2.056241152
23	55.6	99.0	2.059087872
23	54.5	99.2	2.063069184
24	80.0	98.8	2.05504512
24	62.5	99.0	2.057207808
24	20.0	99.0	2.057412608
24	10.0	99.0	2.058174464
25	27.3	99.1	2.059300864
25	20.0	99.1	2.05989888
25	20.0	99.1	2.06102528
25	36.4	99.2	2.063245312
25	30.0	99.4	2.066284544
25	66.7	98.8	2.053054464
25	10.0	98.7	2.051899392
25	60.0	98.9	2.055409664
25	40.0	99.0	2.058571776
26	50.0	99.2	2.06176256
26	90.9	98.5	2.048147456
26	81.8	98.7	2.0528128
26	66.7	98.9	2.056105984
26	100.0	99.2	2.061914112
26	77.8	99.3	2.065268736
26	72.7	98.8	2.053537792
26	100.0	98.9	2.0562944
26	40.0	98.9	2.0570112
27	90.0	99.1	2.059874304
27	81.8	99.2	2.062884864
27	80.0	99.0	2.05922304
27	25.0	98.7	2.052665344
27	18.2	98.7	2.05279232
27	40.0	98.8	2.055118848
27	50.0	99.0	2.057404416
27	25.0	99.0	2.05897728
27	70.0	99.3	2.063622144
27	33.3	99.4	2.066935808
28	37.5	98.9	2.055880704
28	55.6	99.0	2.059272192
28	10.0	99.1	2.060013568
28	10.0	99.1	2.060222464
28	25.0	99.1	2.061111296
28	11.1	99.2	2.061398016
28	90.0	99.4	2.066276352
28	50.0	99.4	2.067402752
29	30.0	99.2	2.063003648
29	10.0	99.1	2.06092288
29	50.0	98.8	2.054823936
29	10.0	98.8	2.054856704
29	10.0	98.8	2.05498368
29	9.1	98.9	2.055319552
29	10.0	98.9	2.055876608
30	10.0	98.9	2.056257536
30	11.1	99.0	2.058993664
30	40.0	99.1	2.059866112
30	41.7	99.2	2.062503936
30	42.9	99.4	2.065637376
30	22.2	99.1	2.0599808
30	10.0	98.9	2.0564992
30	30.0	98.8	2.053722112
31	10.0	98.8	2.053603328
31	20.0	99.0	2.057854976
31	10.0	99.0	2.05785088
31	10.0	99.0	2.058059776
31	40.0	99.2	2.06200832
31	25.0	99.2	2.0625408
31	25.0	99.3	2.063683584
32	22.2	99.2	2.063269888
32	18.2	99.2	2.063269888
32	10.0	99.1	2.061082624
32	10.0	99.1	2.060947456
32	10.0	99.1	2.06067712
32	10.0	99.1	2.060541952
33	9.1	99.1	2.060443648
33	10.0	99.1	2.059513856
34	9.1	99.0	2.05922304
34	10.0	99.0	2.058276864
34	11.1	99.0	2.057572352
34	27.3	99.0	2.057281536
35	18.2	99.0	2.057281536
35	10.0	99.0	2.057293824
36	10.0	98.9	2.056302592
36	10.0	98.9	2.056278016
36	9.1	98.9	2.056278016
36	10.0	98.9	2.056278016
37	10.0	98.9	2.056241152
39	10.0	98.9	2.056646656
39	27.3	99.0	2.058346496
39	18.2	99.0	2.059005952
40	20.0	99.1	2.059767808
40	11.1	99.1	2.060402688
40	10.0	99.1	2.060910592
40	10.0	99.1	2.06127104
40	30.0	99.3	2.063650816
40	66.7	98.7	2.051039232
40	33.3	98.6	2.05092864
40	33.3	98.7	2.051391488
40	63.6	98.8	2.054750208
40	44.4	98.9	2.055426048
41	40.0	99.0	2.05856768
41	70.0	99.2	2.06237696
41	90.9	99.3	2.064818176
41	44.4	99.4	2.065965056
41	40.0	98.8	2.054217728
41	70.0	98.9	2.056974336
41	90.0	99.3	2.064392192
42	40.0	99.3	2.063740928
42	11.1	99.0	2.058412032
42	10.0	99.0	2.058141696
42	27.3	99.0	2.057781248
42	10.0	99.0	2.057760768
43	10.0	99.0	2.057396224
43	9.1	99.0	2.057314304
43	18.2	99.0	2.057314304
43	10.0	98.9	2.056953856
44	20.0	98.9	2.05668352
44	27.3	98.9	2.056593408
44	33.3	98.9	2.055917568
44	22.2	98.9	2.055786496
44	20.0	98.9	2.055786496
44	10.0	98.9	2.055426048
44	16.7	98.9	2.055426048
45	10.0	98.9	2.055426048
45	11.1	98.9	2.055532544
0	20.0	83.2	1.730707456
0	10.0	83.2	1.730121728
1	9.1	83.0	1.726472192
1	9.1	83.0	1.725095936
1	10.0	82.9	1.724440576
1	33.3	82.9	1.724264448
1	40.0	82.9	1.723793408
1	40.0	82.9	1.724121088
1	20.0	82.9	1.724502016
1	22.2	83.0	1.724755968
2	11.1	83.0	1.725710336
2	20.0	83.0	1.726345216
2	20.0	83.1	1.727225856
2	22.2	83.1	1.727352832
2	11.1	83.1	1.727479808
2	40.0	83.1	1.728512
2	33.3	83.2	1.728892928
3	27.3	83.2	1.729122304
3	20.0	83.2	1.729376256
3	18.2	83.2	1.729630208
3	30.0	83.2	1.730236416
3	36.4	83.3	1.731125248
3	36.4	83.3	1.73264896
3	40.0	83.4	1.733414912
3	12.5	83.4	1.733537792
3	20.0	83.4	1.733537792
4	11.1	83.4	1.733042176
4	30.0	83.4	1.733128192
4	11.1	83.4	1.733128192
4	11.1	83.4	1.73336576
4	18.2	83.4	1.733492736
4	33.3	83.4	1.73463552
4	20.0	83.5	1.735016448
4	22.2	83.5	1.73590528
4	40.0	83.6	1.738063872
4	30.0	83.6	1.738698752
5	20.0	83.6	1.73907968
5	20.0	83.7	1.739460608
5	10.0	83.7	1.739825152
5	30.0	83.8	1.741221888
5	22.2	83.8	1.742057472
5	50.0	83.9	1.744830464
5	33.3	84.1	1.747750912
5	37.5	84.2	1.75046656
5	25.0	84.3	1.75173632
6	30.0	84.3	1.75300608
6	40.0	84.4	1.754402816
6	11.1	84.4	1.75491072
6	25.0	84.5	1.756663808
6	38.5	84.5	1.75755264
6	40.0	84.6	1.7588224
6	55.6	84.7	1.76132096
6	50.0	84.9	1.765257216
6	50.0	85.0	1.767796736
6	33.3	85.2	1.770663936
7	54.5	85.4	1.775362048
7	30.0	85.5	1.77752064
7	25.0	85.6	1.780383744
7	11.1	85.7	1.781653504
7	40.0	85.8	1.782923264
7	40.0	85.9	1.785970688
7	20.0	85.9	1.78665472
7	54.5	86.1	1.78919424
7	50.0	86.2	1.792094208
8	40.0	86.3	1.793236992
8	22.2	86.3	1.79431424
8	45.5	86.3	1.79494912
8	50.0	86.4	1.7956864
8	20.0	86.4	1.795813376
8	33.3	86.4	1.796448256
8	27.3	86.4	1.796829184
8	60.0	86.5	1.797971968
8	30.0	86.5	1.7988608
9	22.2	86.5	1.799368704
9	50.0	86.6	1.800003584
9	60.0	86.6	1.800994816
9	40.0	86.7	1.80150272
9	10.0	86.7	1.801756672
9	11.1	86.7	1.8021376
9	37.5	86.7	1.80340736
9	27.3	86.8	1.803988992
9	53.8	86.8	1.80473856
9	36.4	86.9	1.805729792
10	40.0	86.9	1.806999552
10	60.0	86.9	1.806999552
10	27.3	86.9	1.807634432
10	20.0	87.0	1.80826112
10	30.0	87.0	1.809014784
10	22.2	87.0	1.809268736
10	63.6	87.1	1.810825216
10	11.1	87.2	1.812402176
11	22.2	87.2	1.812750336
11	30.0	87.2	1.813131264
11	36.4	87.2	1.813512192
11	20.0	87.2	1.813860352
11	11.1	87.3	1.81424128
11	30.0	87.3	1.814622208
11	11.1	87.3	1.814908928
11	33.3	87.3	1.815289856
11	44.4	87.4	1.816940544
12	30.0	87.4	1.817575424
12	50.0	87.5	1.818329088
12	12.5	87.5	1.818710016
12	80.0	87.5	1.81942272
12	60.0	87.5	1.819926528
12	22.2	87.6	1.821323264
12	40.0	87.6	1.821831168
12	36.4	87.7	1.823100928
12	25.0	87.8	1.825640448
12	30.0	87.8	1.826148352
13	30.0	87.9	1.82652928
13	40.0	87.9	1.82716416
13	10.0	87.9	1.827545088
13	22.2	87.9	1.82800384
13	10.0	87.9	1.828384768
13	20.0	88.0	1.829146624
13	33.3	88.1	1.831559168
13	45.5	88.1	1.832194048
13	22.2	88.1	1.832574976
13	40.0	88.2	1.832955904
14	22.2	88.2	1.833463808
14	27.3	88.2	1.834098688
14	28.6	88.3	1.834860544
14	11.1	88.3	1.835368448
14	22.2	88.3	1.835876352
14	30.0	88.3	1.836003328
14	22.2	88.3	1.836511232
14	22.2	88.4	1.837273088
14	45.5	88.4	1.83785472
15	22.2	88.4	1.838108672
15	30.0	88.4	1.838870528
15	11.1	88.5	1.840136192
15	27.3	88.6	1.841278976
15	22.2	88.6	1.842294784
15	30.0	88.6	1.84242176
15	20.0	88.6	1.842802688
15	40.0	88.7	1.844199424
15	20.0	88.7	1.844453376
16	36.4	88.8	1.845342208
16	11.1	88.8	1.845723136
16	10.0	88.8	1.845977088
16	22.2	88.8	1.846706176
16	11.1	88.8	1.846706176
16	54.5	88.9	1.848356864
16	20.0	88.9	1.848864768
17	20.0	88.9	1.848864768
17	50.0	89.0	1.849880576
17	30.0	89.0	1.850642432
17	10.0	89.0	1.850642432
17	36.4	89.1	1.851531264
17	22.2	89.1	1.852801024
17	33.3	89.2	1.853816832
17	27.3	89.2	1.854324736
17	30.0	89.2	1.854578688
18	30.0	89.2	1.85483264
18	30.0	89.3	1.855721472
18	20.0	89.4	1.85782272
18	50.0	89.5	1.859981312
18	72.7	89.7	1.864298496
18	30.0	89.7	1.865248768
18	40.0	89.8	1.866264576
18	37.5	89.9	1.868169216
19	30.0	89.9	1.868931072
19	33.3	89.9	1.869565952
19	10.0	89.9	1.870073856
19	12.5	90.0	1.870966784
19	33.3	90.0	1.87172864
19	25.0	90.1	1.872490496
19	36.4	90.1	1.872367616
19	66.7	90.1	1.87385856
19	45.5	90.2	1.874747392
19	30.0	90.2	1.875890176
20	12.5	90.3	1.876652032
20	20.0	90.3	1.877159936
20	11.1	90.3	1.87766784
20	11.1	90.3	1.878171648
20	30.0	90.4	1.878679552
20	40.0	90.4	1.879822336
20	20.0	90.5	1.880584192
20	36.4	90.5	1.881092096
20	45.5	90.5	1.882083328
20	36.4	90.5	1.882464256
21	41.7	90.6	1.883680768
21	20.0	90.6	1.883959296
21	40.0	90.6	1.883926528
21	77.8	90.7	1.884778496
21	40.0	90.7	1.885540352
21	40.0	90.8	1.886810112
21	50.0	90.8	1.887698944
22	75.0	90.9	1.89016064
22	60.0	91.0	1.89270016
22	45.5	91.1	1.894477824
22	20.0	91.1	1.894854656
22	20.0	91.2	1.895489536
22	11.1	91.2	1.895743488
22	20.0	91.2	1.896124416
22	33.3	91.2	1.896759296
22	25.0	91.3	1.898217472
22	14.3	91.4	1.89923328
23	30.0	91.4	1.900122112
23	20.0	91.4	1.900883968
23	45.5	91.5	1.902788608
23	30.0	91.6	1.904177152
23	60.0	91.6	1.904685056
23	90.0	91.6	1.904939008
23	100.0	91.6	1.905086464
23	44.4	91.6	1.90519296
24	55.6	91.8	1.90789632
24	30.0	91.8	1.909420032
24	22.2	91.9	1.910181888
24	33.3	91.9	1.910812672
24	40.0	92.0	1.912082432
24	30.0	92.0	1.91373312
24	22.2	92.1	1.914368
24	22.2	92.1	1.915256832
24	30.0	92.2	1.916526592
24	40.0	92.2	1.91690752
25	11.1	92.2	1.917288448
25	45.5	92.3	1.918431232
25	11.1	92.3	1.919193088
25	18.2	92.3	1.919819776
25	20.0	92.4	1.92096256
25	22.2	92.4	1.921724416
25	33.3	92.5	1.923756032
25	36.4	92.6	1.925152768
25	27.3	92.6	1.925914624
25	12.5	92.7	1.926295552
26	27.3	92.7	1.926930432
26	11.1	92.7	1.92731136
26	20.0	92.7	1.927819264
26	33.3	92.8	1.92946176
26	30.0	92.9	1.93073152
26	11.1	92.9	1.931112448
26	11.1	92.9	1.9313664
26	20.0	92.9	1.931620352
26	40.0	92.9	1.932255232
27	22.2	93.0	1.9345408
27	30.0	93.1	1.936572416
27	20.0	93.2	1.937334272
27	22.2	93.3	1.93898496
27	10.0	93.3	1.939111936
27	33.3	93.4	1.941651456
27	36.4	93.5	1.943048192
27	30.0	93.5	1.943683072
27	30.0	93.6	1.945079808
27	22.2	93.6	1.945841664
28	20.0	93.7	1.947111424
28	20.0	93.7	1.94787328
28	20.0	93.7	1.948254208
28	11.1	93.8	1.949392896
28	10.0	93.8	1.949773824
28	30.0	93.8	1.950662656
28	36.4	93.9	1.951551488
28	45.5	93.9	1.952722944
28	55.6	94.0	1.954373632
28	66.7	94.0	1.955262464
29	44.4	94.1	1.95538944
29	50.0	94.1	1.956151296
29	60.0	94.1	1.956278272
29	100.0	94.1	1.957036032
29	81.8	94.2	1.957543936
29	100.0	94.2	1.957924864
29	100.0	94.2	1.958432768
29	100.0	94.2	1.958940672
29	63.6	94.2	1.9593216
29	40.0	94.3	1.959575552
30	77.8	94.3	1.960083456
30	66.7	94.3	1.960718336
30	90.0	94.3	1.96122624
30	88.9	94.4	1.961979904
30	91.7	94.4	1.962487808
30	70.0	94.4	1.963503616
30	88.9	94.5	1.964773376
30	80.0	94.6	1.96626432
30	60.0	94.7	1.968041984
30	66.7	94.8	1.970962432
31	44.4	94.9	1.97197824
31	33.3	94.9	1.972486144
31	30.0	94.9	1.973374976
31	44.4	95.0	1.975898112
31	30.0	95.2	1.978437632
31	37.5	95.3	1.980469248
31	25.0	95.3	1.980596224
31	66.7	95.4	1.984151552
31	60.0	95.6	1.987325952
31	63.6	95.7	1.98926336
32	62.5	95.8	1.991294976
32	44.4	96.0	1.995104256
32	40.0	96.1	1.998024704
32	27.3	96.2	1.999527936
32	50.0	96.4	2.003337216
32	22.2	96.4	2.004733952
32	33.3	96.5	2.006638592
32	22.2	96.5	2.006790144
32	20.0	96.5	2.006790144
32	18.2	96.5	2.006892544
33	11.1	96.5	2.00701952
33	10.0	96.5	2.007146496
33	10.0	96.6	2.007400448
33	22.2	96.6	2.008666112
33	40.0	96.7	2.009935872
33	58.3	96.7	2.010353664
33	77.8	96.7	2.010353664
33	63.6	96.7	2.010353664
33	54.5	96.7	2.010353664
34	100.0	96.7	2.010824704
34	90.0	96.8	2.012602368
34	20.0	96.8	2.012962816
34	45.5	96.9	2.013597696
34	33.3	96.9	2.0141056
34	100.0	96.9	2.014486528
34	100.0	96.9	2.014994432
34	100.0	96.9	2.015248384
34	90.9	96.9	2.015248384
34	100.0	96.9	2.015502336
35	100.0	97.0	2.015629312
35	90.0	97.0	2.015965184
35	44.4	97.0	2.015952896
35	80.0	97.0	2.016206848
35	45.5	97.0	2.016333824
