timeFrame	cpuPerc	memoryPerc	memoryUsed
0	10.0	15.5	0.321667072
1	10.0	15.5	0.321667072
1	11.1	15.5	0.321826816
1	10.0	15.5	0.321826816
1	20.0	15.5	0.321826816
1	10.0	15.5	0.321826816
2	18.2	15.5	0.321826816
2	11.1	15.5	0.321826816
2	20.0	15.5	0.321826816
2	9.1	15.5	0.321826816
2	25.0	15.5	0.322080768
2	33.3	15.5	0.32233472
2	11.1	15.5	0.322588672
2	20.0	15.5	0.322084864
3	11.1	15.5	0.322084864
3	10.0	15.5	0.322084864
3	10.0	15.5	0.322080768
3	11.1	15.5	0.322080768
3	11.1	15.5	0.322080768
3	20.0	15.5	0.32233472
3	20.0	15.5	0.322461696
4	10.0	15.5	0.322101248
4	16.7	15.5	0.322101248
4	11.1	15.5	0.322080768
4	11.1	15.5	0.322080768
4	10.0	15.5	0.322080768
4	10.0	15.5	0.322207744
4	27.3	15.5	0.322228224
5	11.1	15.5	0.322228224
5	10.0	15.5	0.322207744
5	9.1	15.5	0.322207744
5	10.0	15.5	0.322207744
5	30.0	15.5	0.322207744
5	20.0	15.5	0.322236416
5	27.3	15.5	0.322236416
5	10.0	15.5	0.322236416
6	27.3	15.5	0.322236416
6	9.1	15.5	0.322240512
6	10.0	15.5	0.322240512
6	25.0	15.5	0.322269184
6	11.1	15.5	0.322269184
6	10.0	15.5	0.322269184
7	25.0	15.5	0.322269184
7	10.0	15.5	0.322269184
7	10.0	15.5	0.322240512
7	10.0	15.5	0.322240512
7	10.0	15.5	0.322367488
7	27.3	15.5	0.322301952
8	27.3	15.5	0.322240512
8	9.1	15.5	0.322207744
8	11.1	15.5	0.322207744
8	10.0	15.5	0.32233472
8	27.3	15.5	0.322236416
8	10.0	15.5	0.322236416
9	20.0	15.5	0.322236416
9	11.1	15.5	0.322236416
9	20.0	15.5	0.322715648
9	10.0	15.5	0.322715648
9	11.1	15.5	0.322842624
9	20.0	15.6	0.323608576
10	20.0	15.6	0.323735552
10	10.0	15.6	0.323735552
10	10.0	15.6	0.323735552
10	20.0	15.6	0.323735552
10	18.2	15.6	0.323735552
10	10.0	15.6	0.323735552
11	18.2	15.6	0.323735552
11	18.2	15.6	0.323895296
11	11.1	15.6	0.32339968
11	10.0	15.6	0.32339968
11	11.1	15.6	0.32339968
12	18.2	15.6	0.32339968
12	18.2	15.6	0.32339968
12	9.1	15.6	0.323387392
12	11.1	15.6	0.323387392
12	18.2	15.5	0.322433024
12	11.1	15.5	0.322433024
13	33.3	15.5	0.322813952
13	10.0	15.5	0.322940928
13	10.0	15.5	0.322940928
13	10.0	15.5	0.322940928
13	12.5	15.5	0.323067904
13	20.0	15.6	0.323321856
13	22.2	15.6	0.323448832
13	11.1	15.6	0.323608576
14	11.1	15.6	0.323735552
14	18.2	15.6	0.323989504
14	20.0	15.6	0.32411648
14	18.2	15.6	0.323756032
14	20.0	15.6	0.324268032
14	11.1	15.6	0.323735552
15	11.1	15.6	0.323735552
15	18.2	15.6	0.323735552
15	9.1	15.6	0.323862528
15	11.1	15.5	0.32288768
15	10.0	15.5	0.32288768
16	25.0	15.5	0.32288768
16	10.0	15.5	0.322875392
16	10.0	15.5	0.322875392
16	10.0	15.5	0.322838528
16	10.0	15.5	0.322838528
16	20.0	15.5	0.322838528
17	10.0	15.5	0.322838528
17	10.0	15.5	0.32309248
17	10.0	15.5	0.32309248
17	18.2	15.5	0.323219456
17	11.1	15.6	0.323346432
17	20.0	15.6	0.323473408
17	25.0	15.6	0.323600384
18	10.0	15.6	0.323854336
18	10.0	15.6	0.323854336
18	25.0	15.6	0.323854336
18	20.0	15.6	0.323756032
18	20.0	15.6	0.323756032
19	18.2	15.6	0.323756032
19	10.0	15.6	0.323756032
19	10.0	15.6	0.323756032
19	18.2	15.6	0.32372736
19	10.0	15.5	0.323006464
19	10.0	15.5	0.323006464
20	27.3	15.5	0.323006464
20	10.0	15.5	0.323006464
20	10.0	15.5	0.322965504
20	11.1	15.5	0.322965504
20	9.1	15.5	0.322965504
20	11.1	15.5	0.322953216
21	20.0	15.5	0.322953216
21	18.2	15.5	0.322932736
21	10.0	15.5	0.322932736
21	10.0	15.5	0.322932736
21	10.0	15.5	0.323059712
21	10.0	15.5	0.323088384
22	10.0	15.5	0.323088384
22	10.0	15.5	0.323059712
22	16.7	15.5	0.323059712
22	22.2	15.5	0.32321536
22	11.1	15.5	0.322584576
23	9.1	15.5	0.32268288
23	10.0	15.5	0.32268288
23	18.2	15.5	0.322650112
23	18.2	15.5	0.322777088
23	10.0	15.5	0.322715648
23	20.0	15.5	0.322715648
24	11.1	15.5	0.322715648
24	10.0	15.5	0.322715648
24	10.0	15.5	0.322715648
24	9.1	15.5	0.322674688
24	27.3	15.5	0.32270336
24	10.0	15.5	0.32270336
24	25.0	15.5	0.32270336
25	11.1	15.5	0.32270336
25	10.0	15.5	0.32270336
25	10.0	15.5	0.322674688
25	10.0	15.5	0.322801664
25	27.3	15.5	0.322830336
25	10.0	15.5	0.322830336
25	18.2	15.5	0.322830336
26	9.1	15.5	0.322830336
26	10.0	15.5	0.322830336
26	18.2	15.5	0.322801664
26	27.3	15.5	0.322801664
26	10.0	15.5	0.322822144
26	10.0	15.5	0.322822144
27	11.1	15.5	0.322822144
27	27.3	15.5	0.323088384
27	18.2	15.5	0.32321536
27	11.1	15.6	0.323362816
27	18.2	15.6	0.323362816
27	10.0	15.6	0.323362816
28	10.0	15.6	0.323342336
28	22.2	15.6	0.323342336
28	22.2	15.6	0.323354624
28	20.0	15.6	0.323354624
28	11.1	15.6	0.323354624
29	10.0	15.6	0.323354624
29	9.1	15.6	0.323354624
29	9.1	15.6	0.323469312
29	10.0	15.6	0.32362496
29	10.0	15.6	0.32362496
30	18.2	15.6	0.32362496
30	10.0	15.6	0.32362496
30	36.4	15.6	0.323723264
30	20.0	15.6	0.323608576
31	10.0	15.6	0.323608576
31	10.0	15.6	0.323608576
31	9.1	15.6	0.323596288
31	10.0	15.6	0.323596288
31	20.0	15.6	0.323751936
31	10.0	15.6	0.323751936
32	18.2	15.6	0.323751936
32	11.1	15.6	0.323751936
32	10.0	15.6	0.323723264
32	18.2	15.6	0.323723264
32	18.2	15.6	0.323751936
33	10.0	15.6	0.323751936
33	9.1	15.6	0.323723264
33	20.0	15.6	0.323723264
33	18.2	15.6	0.323817472
33	11.1	15.6	0.323719168
33	25.0	15.6	0.323719168
34	11.1	15.6	0.323719168
34	10.0	15.6	0.323719168
34	9.1	15.6	0.323690496
34	10.0	15.6	0.323764224
34	18.2	15.6	0.323915776
34	11.1	15.6	0.323731456
35	18.2	15.6	0.32382976
35	18.2	15.6	0.323821568
35	9.1	15.6	0.323821568
35	18.2	15.6	0.323842048
35	18.2	15.6	0.323842048
36	18.2	15.6	0.323842048
36	11.1	15.6	0.323842048
36	9.1	15.6	0.323842048
36	9.1	15.6	0.323821568
36	10.0	15.6	0.323821568
36	20.0	15.6	0.324169728
36	27.3	15.6	0.324071424
36	10.0	15.6	0.324071424
37	27.3	15.6	0.323801088
37	18.2	15.6	0.323801088
37	10.0	15.6	0.3237888
37	10.0	15.6	0.3237888
37	10.0	15.6	0.323428352
37	11.1	15.6	0.323428352
37	18.2	15.6	0.323534848
38	18.2	15.6	0.323534848
38	11.1	15.6	0.323854336
38	20.0	15.6	0.323616768
38	10.0	15.6	0.323616768
38	11.1	15.6	0.323616768
38	10.0	15.6	0.323616768
39	11.1	15.6	0.323616768
39	11.1	15.6	0.323977216
39	9.1	15.6	0.323977216
39	18.2	15.6	0.324104192
39	18.2	15.6	0.324231168
39	22.2	15.6	0.324358144
40	18.2	15.6	0.324612096
40	20.0	15.6	0.324612096
40	9.1	15.6	0.324612096
40	10.0	15.6	0.324739072
40	18.2	15.6	0.324866048
40	11.1	15.6	0.324624384
41	40.0	15.6	0.324624384
41	20.0	15.6	0.325029888
41	10.0	15.6	0.325062656
41	10.0	15.6	0.325062656
41	10.0	15.6	0.32417792
41	10.0	15.6	0.32417792
41	11.1	15.6	0.32417792
42	10.0	15.6	0.32417792
42	18.2	15.6	0.324460544
42	11.1	15.6	0.324714496
42	18.2	15.6	0.324345856
43	11.1	15.6	0.324345856
43	10.0	15.6	0.324345856
43	10.0	15.6	0.324345856
43	9.1	15.6	0.324333568
43	11.1	15.6	0.324333568
43	10.0	15.6	0.324493312
43	11.1	15.6	0.324386816
44	18.2	15.6	0.324386816
44	10.0	15.6	0.324620288
44	9.1	15.6	0.324612096
44	25.0	15.6	0.324513792
44	10.0	15.6	0.324513792
44	20.0	15.6	0.324513792
45	18.2	15.6	0.324513792
45	10.0	15.6	0.324612096
45	18.2	15.6	0.324513792
45	27.3	15.6	0.324513792
46	11.1	15.6	0.325025792
46	9.1	15.6	0.325025792
46	10.0	15.6	0.325025792
46	11.1	15.6	0.325279744
46	10.0	15.7	0.325533696
47	10.0	15.7	0.325660672
47	10.0	15.7	0.325660672
47	10.0	15.7	0.326168576
47	10.0	15.7	0.326168576
47	18.2	15.7	0.326168576
47	10.0	15.7	0.326168576
48	18.2	15.7	0.326295552
48	10.0	15.7	0.326295552
48	10.0	15.7	0.326295552
48	10.0	15.7	0.326422528
48	10.0	15.7	0.326422528
48	10.0	15.7	0.326422528
49	11.1	15.7	0.326422528
49	10.0	15.7	0.326422528
49	10.0	15.7	0.326422528
49	18.2	15.7	0.326422528
49	18.2	15.7	0.325791744
49	27.3	15.7	0.325791744
50	9.1	15.7	0.325791744
50	9.1	15.7	0.325787648
50	20.0	15.7	0.325787648
50	18.2	15.7	0.325914624
51	10.0	15.7	0.3260416
51	10.0	15.7	0.3260416
51	11.1	15.7	0.32667648
51	10.0	15.7	0.326803456
51	20.0	15.7	0.32731136
52	10.0	15.7	0.327438336
52	10.0	15.7	0.327438336
52	10.0	15.7	0.327430144
52	11.1	15.8	0.32755712
52	18.2	15.7	0.326324224
53	10.0	15.7	0.326324224
53	10.0	15.7	0.326324224
53	10.0	15.7	0.32628736
53	30.0	15.7	0.325431296
53	11.1	15.7	0.325431296
53	11.1	15.7	0.325431296
54	18.2	15.7	0.325431296
54	18.2	15.7	0.325431296
54	9.1	15.7	0.325431296
54	18.2	15.7	0.326033408
54	10.0	15.7	0.326160384
54	10.0	15.7	0.32628736
54	11.1	15.7	0.326414336
55	18.2	15.7	0.326541312
55	10.0	15.7	0.326668288
55	18.2	15.7	0.327049216
55	10.0	15.7	0.326418432
55	18.2	15.7	0.326418432
55	11.1	15.7	0.326418432
56	10.0	15.7	0.326418432
56	10.0	15.7	0.326418432
56	18.2	15.7	0.325513216
56	10.0	15.7	0.325513216
56	10.0	15.7	0.325513216
57	18.2	15.7	0.325513216
57	10.0	15.7	0.325513216
57	9.1	15.7	0.325513216
57	10.0	15.7	0.325873664
57	18.2	15.7	0.326127616
57	11.1	15.7	0.326254592
57	18.2	15.7	0.326381568
58	18.2	15.7	0.326508544
58	10.0	15.7	0.32663552
58	9.1	15.7	0.32663552
58	11.1	15.7	0.327020544
58	10.0	15.7	0.327020544
58	11.1	15.7	0.327020544
58	10.0	15.7	0.327020544
59	10.0	15.7	0.327020544
59	10.0	15.7	0.327020544
59	10.0	15.7	0.327020544
59	10.0	15.7	0.327020544
59	10.0	15.7	0.327020544
59	11.1	15.7	0.326291456
59	11.1	15.7	0.326291456
59	10.0	15.7	0.326291456
59	10.0	15.7	0.326385664
60	10.0	15.7	0.326541312
60	16.7	15.7	0.32651264
60	20.0	15.7	0.32651264
61	20.0	15.7	0.326893568
61	9.1	15.7	0.327020544
61	10.0	15.7	0.327020544
61	10.0	15.7	0.327012352
61	10.0	15.7	0.327139328
61	18.2	15.7	0.327266304
61	27.3	15.8	0.327520256
62	10.0	15.8	0.327647232
62	10.0	15.8	0.327647232
62	20.0	15.8	0.327647232
62	27.3	15.8	0.327647232
62	10.0	15.8	0.327647232
62	11.1	15.8	0.327647232
62	10.0	15.7	0.327421952
63	10.0	15.7	0.327421952
63	9.1	15.7	0.32739328
63	10.0	15.7	0.32739328
63	10.0	15.7	0.32739328
63	11.1	15.7	0.32739328
63	10.0	15.7	0.32739328
63	18.2	15.7	0.32739328
64	9.1	15.7	0.32739328
64	10.0	15.7	0.32739328
64	25.0	15.8	0.327647232
64	20.0	15.8	0.327774208
64	10.0	15.8	0.327774208
64	10.0	15.8	0.327774208
65	20.0	15.8	0.327774208
65	10.0	15.8	0.327774208
65	9.1	15.8	0.327774208
65	10.0	15.8	0.327774208
65	10.0	15.8	0.327774208
65	10.0	15.8	0.327540736
65	20.0	15.8	0.327540736
66	18.2	15.8	0.327540736
66	10.0	15.8	0.327520256
66	11.1	15.8	0.327520256
66	18.2	15.8	0.327520256
66	10.0	15.8	0.327520256
67	20.0	15.7	0.32679936
67	10.0	15.7	0.32679936
67	9.1	15.7	0.32679936
67	9.1	15.7	0.3267584
67	10.0	15.7	0.327012352
67	20.0	15.7	0.327139328
68	25.0	15.7	0.326897664
68	9.1	15.7	0.326885376
68	18.2	15.7	0.326885376
68	20.0	15.7	0.327139328
69	10.0	15.7	0.327012352
69	18.2	15.7	0.327139328
70	12.5	15.7	0.327032832
70	18.2	15.7	0.327032832
70	10.0	15.7	0.327032832
70	11.1	15.7	0.327012352
70	33.3	15.7	0.327012352
71	10.0	15.7	0.327139328
71	18.2	15.7	0.327139328
71	10.0	15.7	0.327266304
71	10.0	15.7	0.327151616
71	20.0	15.7	0.327151616
71	18.2	15.7	0.327151616
72	18.2	15.7	0.327151616
72	10.0	15.7	0.327266304
72	10.0	15.7	0.327266304
72	9.1	15.7	0.327266304
72	10.0	15.7	0.327266304
72	10.0	15.7	0.327159808
72	11.1	15.7	0.327159808
72	10.0	15.7	0.327159808
73	27.3	15.7	0.327159808
73	10.0	15.7	0.3272704
73	9.1	15.7	0.327233536
73	10.0	15.7	0.327233536
73	11.1	15.7	0.327233536
73	18.2	15.7	0.327233536
73	10.0	15.7	0.327233536
73	11.1	15.7	0.327233536
74	10.0	15.7	0.327233536
74	9.1	15.7	0.327233536
74	10.0	15.7	0.327237632
74	18.2	15.7	0.327360512
74	11.1	15.7	0.327360512
74	10.0	15.8	0.32774144
75	18.2	15.8	0.32774144
75	20.0	15.8	0.32774144
75	11.1	15.8	0.327733248
75	18.2	15.8	0.327733248
75	10.0	15.8	0.327499776
75	11.1	15.7	0.327446528
76	18.2	15.7	0.327446528
76	10.0	15.7	0.327446528
76	10.0	15.8	0.327573504
76	20.0	15.8	0.327593984
77	18.2	15.8	0.327593984
77	11.1	15.8	0.32770048
77	27.3	15.8	0.327827456
77	18.2	15.8	0.327593984
77	10.0	15.8	0.327593984
78	18.2	15.8	0.327593984
78	10.0	15.8	0.327573504
78	11.1	15.8	0.327573504
78	20.0	15.8	0.327794688
79	11.1	15.8	0.327921664
79	10.0	15.8	0.327921664
79	11.1	15.8	0.327806976
79	10.0	15.8	0.327794688
79	10.0	15.8	0.327794688
79	11.1	15.8	0.327794688
79	10.0	15.8	0.327794688
80	20.0	15.8	0.327921664
80	10.0	15.8	0.32811008
80	10.0	15.8	0.32811008
80	10.0	15.8	0.328237056
80	18.2	15.8	0.328364032
80	10.0	15.8	0.328491008
81	20.0	15.8	0.328511488
81	9.1	15.8	0.328597504
81	10.0	15.8	0.328577024
81	10.0	15.8	0.328577024
81	9.1	15.8	0.328577024
81	18.2	15.8	0.328577024
81	18.2	15.8	0.328704
82	11.1	15.8	0.328503296
82	10.0	15.8	0.328482816
82	10.0	15.8	0.328609792
82	20.0	15.8	0.328896512
82	10.0	15.8	0.329150464
83	10.0	15.8	0.32927744
83	9.1	15.8	0.329404416
83	9.1	15.8	0.329404416
83	10.0	15.9	0.329658368
83	18.2	15.9	0.329551872
84	18.2	15.9	0.329551872
84	10.0	15.9	0.329531392
84	18.2	15.9	0.329531392
84	10.0	15.9	0.329531392
84	10.0	15.9	0.329531392
85	11.1	15.9	0.329531392
85	10.0	15.9	0.329531392
85	9.1	15.9	0.329531392
85	18.2	15.9	0.329785344
85	18.2	15.9	0.329805824
86	10.0	15.9	0.329805824
86	10.0	15.9	0.329805824
86	9.1	15.9	0.329785344
86	10.0	15.9	0.329785344
86	18.2	15.9	0.329785344
86	25.0	15.9	0.329785344
87	10.0	15.8	0.328863744
87	10.0	15.8	0.328863744
87	10.0	15.8	0.328863744
87	27.3	15.8	0.329019392
88	10.0	15.8	0.32899072
88	18.2	15.8	0.32899072
88	10.0	15.8	0.32899072
88	10.0	15.8	0.32899072
88	22.2	15.8	0.329117696
89	11.1	15.8	0.329019392
89	11.1	15.8	0.329019392
89	9.1	15.8	0.329019392
89	18.2	15.8	0.328982528
89	11.1	15.8	0.328982528
89	10.0	15.8	0.328982528
89	18.2	15.8	0.329109504
90	11.1	15.8	0.329129984
90	9.1	15.8	0.329129984
90	10.0	15.8	0.329109504
90	10.0	15.8	0.329109504
90	10.0	15.8	0.329109504
90	25.0	15.8	0.329109504
91	11.1	15.8	0.329121792
91	10.0	15.8	0.329121792
91	10.0	15.8	0.329121792
91	18.2	15.8	0.329109504
91	10.0	15.8	0.329109504
91	10.0	15.8	0.329109504
91	20.0	15.8	0.329109504
92	10.0	15.8	0.32923648
92	30.0	15.8	0.32925696
92	10.0	15.8	0.32925696
92	9.1	15.8	0.32923648
92	18.2	15.8	0.32923648
92	10.0	15.8	0.32923648
92	10.0	15.8	0.32923648
92	11.1	15.8	0.32923648
93	10.0	15.8	0.32925696
93	18.2	15.8	0.32925696
93	9.1	15.8	0.32925696
93	9.1	15.8	0.32923648
93	10.0	15.8	0.32923648
93	20.0	15.8	0.32923648
94	18.2	15.8	0.329363456
94	9.1	15.8	0.329363456
94	9.1	15.8	0.329363456
94	20.0	15.8	0.329490432
94	30.0	15.8	0.329342976
94	10.0	15.8	0.329342976
94	11.1	15.8	0.329342976
95	25.0	15.8	0.329342976
95	10.0	15.8	0.329445376
95	18.2	15.8	0.329416704
95	11.1	15.8	0.329416704
95	10.0	15.8	0.329416704
96	11.1	15.8	0.3295232
96	10.0	15.8	0.3295232
96	9.1	15.8	0.329515008
96	11.1	15.8	0.329515008
96	10.0	15.8	0.329515008
96	10.0	15.9	0.32954368
97	10.0	15.9	0.32954368
97	10.0	15.9	0.329641984
97	9.1	15.9	0.329641984
97	18.2	15.9	0.32954368
97	18.2	15.9	0.32954368
98	18.2	15.9	0.32954368
98	20.0	15.9	0.32954368
98	10.0	15.9	0.32954368
98	10.0	15.9	0.329641984
98	11.1	15.9	0.329641984
98	10.0	15.9	0.329641984
99	18.2	15.9	0.329662464
99	10.0	15.9	0.329662464
99	18.2	15.9	0.329662464
99	20.0	15.9	0.329662464
99	10.0	15.9	0.329662464
100	10.0	15.9	0.329662464
100	10.0	15.9	0.329662464
100	9.1	15.9	0.329641984
100	18.2	15.9	0.32976896
100	10.0	15.9	0.329895936
100	10.0	15.9	0.329654272
100	10.0	15.9	0.329654272
101	9.1	15.9	0.329609216
101	10.0	15.9	0.329609216
101	10.0	15.9	0.329609216
101	10.0	15.9	0.329736192
101	10.0	15.9	0.329863168
101	10.0	15.9	0.329756672
102	27.3	15.9	0.329756672
102	10.0	15.9	0.329834496
102	10.0	15.9	0.32976896
102	11.1	15.9	0.329834496
102	18.2	15.9	0.329928704
103	20.0	15.9	0.329949184
103	9.1	15.9	0.329949184
103	10.0	15.9	0.33005568
103	9.1	15.9	0.33005568
103	10.0	15.9	0.330182656
103	10.0	15.9	0.330309632
104	10.0	15.9	0.3299328
104	10.0	15.9	0.3299328
104	18.2	15.9	0.3299328
104	9.1	15.9	0.329928704
104	10.0	15.9	0.329928704
104	18.2	15.9	0.329928704
105	11.1	15.9	0.330256384
105	18.2	15.9	0.33028096
105	9.1	15.9	0.33028096
105	10.0	15.9	0.33028096
105	18.2	15.9	0.330407936
105	18.2	15.9	0.330534912
105	20.0	15.9	0.330788864
106	20.0	15.9	0.33091584
106	9.1	15.9	0.331042816
106	10.0	15.9	0.331042816
106	20.0	15.9	0.331169792
106	12.5	15.9	0.331296768
106	20.0	16.0	0.331804672
107	9.1	16.0	0.331804672
107	10.0	16.0	0.331804672
107	20.0	16.0	0.331804672
107	20.0	16.0	0.331804672
107	10.0	16.0	0.331804672
108	18.2	16.0	0.331931648
108	10.0	16.0	0.331931648
108	18.2	16.0	0.331931648
108	10.0	16.0	0.331931648
108	27.3	16.0	0.331931648
108	27.3	16.0	0.331931648
108	30.0	16.0	0.331931648
109	100.0	16.0	0.331931648
109	10.0	16.0	0.332058624
109	16.7	15.9	0.331554816
109	12.5	15.9	0.331542528
109	9.1	15.9	0.331542528
109	10.0	15.9	0.331542528
109	20.0	15.9	0.331542528
109	10.0	15.9	0.331542528
110	9.1	15.9	0.330682368
110	9.1	15.9	0.330682368
110	10.0	15.9	0.330682368
111	10.0	15.9	0.330809344
111	10.0	15.9	0.330809344
111	10.0	15.9	0.330702848
111	10.0	15.9	0.330702848
111	11.1	15.9	0.330702848
111	18.2	15.9	0.330702848
111	10.0	15.9	0.330702848
112	18.2	15.9	0.330809344
112	18.2	15.9	0.330809344
112	22.2	15.9	0.330702848
112	10.0	15.9	0.330702848
112	25.0	15.9	0.330702848
112	18.2	15.9	0.330702848
113	11.1	15.9	0.330809344
113	11.1	15.9	0.33093632
113	10.0	15.9	0.33093632
113	9.1	15.9	0.33093632
113	9.1	15.9	0.330829824
113	18.2	15.9	0.33093632
114	18.2	15.9	0.331063296
114	20.0	15.9	0.331190272
114	36.4	15.9	0.331444224
114	10.0	15.9	0.331444224
114	9.1	15.9	0.331444224
114	11.1	15.9	0.331337728
114	10.0	15.9	0.331337728
114	10.0	15.9	0.331337728
115	18.2	15.9	0.331444224
115	16.7	16.0	0.331825152
115	18.2	16.0	0.331825152
115	10.0	16.0	0.331952128
115	10.0	16.0	0.332079104
115	20.0	16.0	0.33220608
115	10.0	16.0	0.332333056
116	18.2	16.0	0.332587008
116	9.1	16.0	0.332587008
116	11.1	16.0	0.332742656
116	80.0	16.0	0.332742656
116	10.0	16.0	0.332742656
116	10.0	16.0	0.332742656
116	10.0	16.0	0.332742656
116	11.1	16.0	0.332742656
117	27.3	16.0	0.332742656
117	10.0	16.0	0.332742656
117	9.1	16.0	0.332742656
117	10.0	16.0	0.332742656
117	20.0	16.0	0.332742656
117	10.0	16.0	0.332742656
117	10.0	16.0	0.332742656
118	10.0	16.0	0.332742656
118	10.0	16.0	0.332742656
118	10.0	16.0	0.332742656
118	10.0	16.0	0.332742656
118	10.0	16.0	0.33277952
119	18.2	16.0	0.33277952
119	10.0	16.0	0.33277952
119	20.0	16.0	0.332775424
119	18.2	16.0	0.332775424
120	10.0	16.0	0.332775424
120	9.1	16.0	0.332775424
120	10.0	16.0	0.332775424
120	10.0	16.0	0.332775424
120	18.2	16.0	0.332775424
121	10.0	16.0	0.331784192
121	10.0	16.0	0.331759616
121	10.0	16.0	0.331759616
121	11.1	16.0	0.331759616
121	25.0	15.9	0.330903552
122	10.0	15.9	0.330903552
122	22.2	15.9	0.330903552
122	10.0	15.9	0.330870784
122	9.1	15.9	0.330870784
122	20.0	15.9	0.330870784
122	22.2	16.0	0.333418496
122	10.0	16.0	0.333058048
123	10.0	16.0	0.333058048
123	10.0	16.0	0.333058048
123	11.1	16.0	0.333037568
123	18.2	16.0	0.333037568
123	20.0	16.0	0.333037568
124	11.1	16.0	0.333058048
124	10.0	16.0	0.333058048
124	9.1	16.0	0.333037568
124	10.0	16.0	0.333037568
124	18.2	16.0	0.333037568
124	10.0	16.0	0.333164544
124	11.1	16.0	0.33329152
125	25.0	16.0	0.333418496
125	10.0	16.0	0.333418496
125	10.0	16.0	0.333049856
125	10.0	16.0	0.333049856
125	11.1	16.0	0.332873728
126	20.0	16.0	0.33312768
126	18.2	16.0	0.33312768
126	25.0	16.0	0.332894208
126	11.1	16.0	0.332894208
127	18.2	16.0	0.332894208
127	9.1	16.0	0.33312768
127	20.0	16.0	0.332886016
127	10.0	16.0	0.332886016
128	18.2	16.0	0.332886016
128	18.2	16.0	0.333000704
128	9.1	16.0	0.333000704
128	10.0	16.0	0.33312768
128	11.1	16.0	0.332894208
128	10.0	16.0	0.332894208
129	16.7	16.0	0.333000704
129	9.1	16.0	0.333000704
129	10.0	16.0	0.333000704
129	11.1	16.0	0.332886016
130	16.7	16.0	0.332886016
130	10.0	16.0	0.333000704
130	11.1	16.0	0.33312768
130	10.0	16.0	0.33314816
130	11.1	16.0	0.33314816
131	10.0	16.0	0.33314816
131	10.0	16.0	0.33314816
131	9.1	16.0	0.333119488
131	20.0	16.0	0.33314816
131	10.0	16.0	0.33314816
131	20.0	16.0	0.33314816
132	10.0	16.0	0.33314816
132	20.0	16.0	0.33314816
132	9.1	16.0	0.333119488
132	10.0	16.0	0.333119488
132	18.2	16.0	0.333246464
132	20.0	16.0	0.33314816
133	18.2	16.0	0.33314816
133	10.0	16.0	0.333246464
133	9.1	16.0	0.333217792
133	18.2	16.0	0.333217792
133	20.0	16.0	0.33314816
134	10.0	16.0	0.33314816
134	9.1	16.0	0.333119488
134	10.0	16.0	0.333119488
134	9.1	16.0	0.333119488
134	10.0	16.0	0.333119488
134	25.0	16.0	0.33337344
134	11.1	16.0	0.333139968
135	10.0	16.0	0.33337344
135	10.0	16.0	0.33337344
135	9.1	16.0	0.33337344
135	10.0	16.0	0.33337344
135	18.2	16.0	0.33314816
135	10.0	16.0	0.33314816
136	10.0	16.0	0.333119488
136	10.0	16.0	0.333119488
136	27.3	16.0	0.33314816
136	18.2	16.0	0.33314816
136	18.2	16.0	0.33314816
137	11.1	16.0	0.33314816
137	9.1	16.0	0.33314816
137	20.0	16.0	0.333119488
137	20.0	16.0	0.33314816
138	20.0	16.0	0.33314816
138	10.0	16.0	0.33314816
138	9.1	16.0	0.333119488
138	11.1	16.0	0.333246464
138	25.0	16.0	0.33337344
138	18.2	16.0	0.333246464
139	11.1	16.0	0.333504512
139	9.1	16.0	0.333504512
139	10.0	16.0	0.333504512
139	18.2	16.0	0.33327104
139	18.2	16.0	0.33327104
140	18.2	16.0	0.33327104
140	11.1	16.0	0.33325056
140	18.2	16.0	0.33325056
140	10.0	16.0	0.33325056
140	20.0	16.0	0.33325056
140	30.8	16.0	0.33325056
141	10.0	16.0	0.333295616
141	11.1	16.0	0.333295616
141	18.2	16.0	0.333295616
141	10.0	16.0	0.333295616
141	20.0	16.0	0.333295616
142	9.1	16.0	0.333295616
142	10.0	16.0	0.333303808
142	10.0	16.0	0.333303808
142	10.0	16.0	0.333303808
142	10.0	16.0	0.333303808
143	27.3	16.0	0.333402112
143	30.0	16.0	0.333348864
143	30.0	16.0	0.333438976
143	11.1	16.0	0.333438976
143	10.0	16.0	0.333438976
144	10.0	16.0	0.333275136
144	25.0	16.0	0.333275136
144	10.0	16.0	0.333275136
144	11.1	16.0	0.333402112
145	10.0	16.0	0.333430784
145	10.0	16.0	0.333430784
145	10.0	16.0	0.333430784
145	18.2	16.0	0.333402112
145	20.0	16.0	0.333402112
145	10.0	16.0	0.333402112
146	10.0	16.0	0.333402112
146	9.1	16.0	0.333275136
146	10.0	16.0	0.333275136
146	10.0	16.0	0.333275136
146	18.2	16.0	0.333275136
146	11.1	16.0	0.333275136
147	27.3	16.0	0.333529088
147	9.1	16.0	0.333275136
147	18.2	16.0	0.333275136
147	10.0	16.0	0.333275136
147	10.0	16.0	0.333275136
148	10.0	16.0	0.333402112
148	18.2	16.0	0.333303808
148	10.0	16.0	0.333303808
148	18.2	16.0	0.333275136
148	10.0	16.0	0.333275136
148	10.0	16.0	0.333275136
148	10.0	16.0	0.333402112
149	10.0	16.0	0.333529088
149	27.3	16.1	0.334163968
150	10.0	16.1	0.33419264
150	18.2	16.1	0.33419264
150	9.1	16.1	0.334155776
150	10.0	16.1	0.334155776
150	9.1	16.1	0.334155776
150	20.0	16.0	0.333299712
151	10.0	16.0	0.333299712
151	10.0	16.0	0.333299712
151	9.1	16.0	0.333266944
151	9.1	16.0	0.333266944
151	18.2	16.0	0.333266944
151	10.0	16.0	0.333266944
151	27.3	16.0	0.333287424
152	18.2	16.0	0.333287424
152	10.0	16.0	0.333266944
152	11.1	16.0	0.333266944
152	10.0	16.0	0.333266944
152	12.5	16.0	0.333266944
152	36.4	16.0	0.33339392
153	22.2	16.0	0.333287424
153	10.0	16.0	0.333266944
153	10.0	16.0	0.333266944
153	11.1	16.0	0.33339392
153	10.0	16.0	0.33339392
153	18.2	16.0	0.33339392
153	10.0	16.0	0.33339392
154	10.0	16.0	0.333520896
154	9.1	16.0	0.333520896
154	27.3	16.0	0.333279232
154	18.2	16.0	0.333279232
155	16.7	16.0	0.333279232
155	10.0	16.0	0.333266944
155	25.0	16.0	0.333520896
155	11.1	16.0	0.333287424
155	18.2	16.0	0.333287424
156	18.2	16.0	0.333287424
156	9.1	16.0	0.333287424
156	10.0	16.0	0.33339392
156	10.0	16.0	0.33339392
156	11.1	16.0	0.333422592
157	10.0	16.0	0.333520896
157	9.1	16.0	0.333520896
157	10.0	16.0	0.333520896
157	18.2	16.0	0.333492224
157	10.0	16.0	0.333492224
158	20.0	16.0	0.333541376
158	18.2	16.0	0.333541376
158	10.0	16.0	0.333541376
158	10.0	16.0	0.333520896
158	25.0	16.0	0.333520896
158	18.2	16.0	0.333520896
158	10.0	16.0	0.333520896
159	11.1	16.0	0.333520896
159	10.0	16.0	0.333647872
159	9.1	16.0	0.333647872
159	10.0	16.0	0.333549568
159	25.0	16.0	0.333549568
159	11.1	16.0	0.333549568
160	10.0	16.0	0.333549568
160	20.0	16.0	0.333549568
160	9.1	16.0	0.333520896
160	10.0	16.0	0.333549568
160	25.0	16.0	0.333549568
161	11.1	16.0	0.333549568
161	9.1	16.0	0.333549568
161	9.1	16.0	0.333520896
161	25.0	16.0	0.333647872
161	10.0	16.0	0.333549568
162	20.0	16.0	0.333549568
162	18.2	16.0	0.333549568
162	20.0	16.0	0.333512704
162	18.2	16.0	0.333512704
162	10.0	16.0	0.333512704
162	11.1	16.0	0.33363968
163	10.0	16.0	0.333541376
163	9.1	16.0	0.333512704
163	10.0	16.0	0.333512704
163	10.0	16.0	0.333512704
163	18.2	16.0	0.333512704
163	11.1	16.0	0.333512704
163	10.0	16.0	0.333512704
164	18.2	16.0	0.333512704
164	10.0	16.0	0.33363968
164	9.1	16.0	0.33363968
164	11.1	16.1	0.333766656
164	10.0	16.0	0.333541376
165	11.1	16.0	0.333606912
165	18.2	16.0	0.333606912
165	9.1	16.1	0.333733888
165	10.0	16.0	0.333500416
165	11.1	16.0	0.333500416
165	10.0	16.0	0.333500416
166	10.0	16.0	0.333500416
166	18.2	16.0	0.333500416
166	10.0	16.0	0.333508608
166	25.0	16.0	0.333508608
166	27.3	16.0	0.333508608
166	10.0	16.0	0.333508608
167	20.0	16.0	0.333508608
167	10.0	16.0	0.333508608
167	10.0	16.0	0.333479936
167	27.3	16.0	0.333606912
167	11.1	16.0	0.333508608
167	20.0	16.0	0.333508608
168	11.1	16.0	0.333508608
168	9.1	16.0	0.333447168
168	10.0	16.0	0.333447168
168	20.0	16.0	0.333574144
168	11.1	16.0	0.33347584
169	10.0	16.0	0.33347584
169	11.1	16.0	0.33347584
169	18.2	16.0	0.33347584
169	10.0	16.0	0.333574144
169	10.0	16.0	0.33347584
170	27.3	16.0	0.33347584
170	11.1	16.0	0.333574144
170	10.0	16.0	0.33347584
170	10.0	16.0	0.33347584
171	20.0	16.0	0.333488128
171	18.2	16.0	0.333574144
171	18.2	16.0	0.33347584
171	20.0	16.0	0.33347584
171	27.3	16.0	0.33347584
172	11.1	16.0	0.33347584
172	10.0	16.0	0.333447168
172	20.0	16.0	0.333443072
172	10.0	16.0	0.333541376
173	20.0	16.0	0.333541376
173	18.2	16.0	0.333668352
173	11.1	16.1	0.333795328
173	10.0	16.1	0.333688832
173	27.3	16.1	0.333688832
174	18.2	16.1	0.333688832
174	10.0	16.1	0.333688832
174	10.0	16.1	0.333688832
174	10.0	16.0	0.333668352
174	10.0	16.1	0.333795328
174	9.1	16.1	0.333795328
174	11.1	16.1	0.333688832
174	18.2	16.1	0.333688832
174	10.0	16.1	0.333688832
175	16.7	16.1	0.333688832
175	10.0	16.1	0.333860864
175	10.0	16.1	0.33376256
175	18.2	16.1	0.33376256
176	10.0	16.1	0.333860864
176	9.1	16.1	0.333860864
176	11.1	16.1	0.33376256
176	11.1	16.1	0.33376256
177	10.0	16.1	0.333860864
177	11.1	16.1	0.333754368
177	23.1	16.1	0.333754368
178	18.2	16.1	0.333754368
178	10.0	16.1	0.333979648
178	9.1	16.1	0.333979648
178	10.0	16.1	0.3342336
178	25.0	16.1	0.334360576
179	18.2	16.1	0.33486848
179	9.1	16.1	0.33486848
179	10.0	16.1	0.33486848
179	10.0	16.1	0.33486848
179	18.2	16.1	0.33486848
180	9.1	16.1	0.33486848
180	10.0	16.1	0.334508032
180	18.2	16.1	0.334508032
180	18.2	16.1	0.334508032
181	10.0	16.1	0.334508032
181	9.1	16.1	0.33452032
181	27.3	16.1	0.333799424
182	18.2	16.1	0.333799424
182	9.1	16.1	0.333799424
182	10.0	16.1	0.333778944
182	20.0	16.1	0.333778944
182	18.2	16.1	0.333778944
183	10.0	16.1	0.333778944
183	9.1	16.1	0.333758464
183	11.1	16.1	0.333758464
183	36.4	16.1	0.334139392
183	10.0	16.1	0.333778944
183	11.1	16.1	0.333778944
184	25.0	16.1	0.333778944
184	10.0	16.1	0.333778944
184	10.0	16.1	0.33388544
184	10.0	16.1	0.334139392
185	10.0	16.1	0.333959168
185	10.0	16.1	0.333959168
185	10.0	16.1	0.334094336
185	10.0	16.1	0.334094336
185	11.1	16.1	0.334348288
185	10.0	16.1	0.334041088
186	10.0	16.1	0.334041088
186	10.0	16.1	0.334041088
186	9.1	16.1	0.334012416
186	10.0	16.1	0.334012416
186	10.0	16.1	0.334139392
187	10.0	16.1	0.334041088
187	16.7	16.1	0.334041088
187	9.1	16.1	0.334012416
187	10.0	16.1	0.334012416
187	11.1	16.1	0.334012416
188	18.2	16.1	0.334012416
188	20.0	16.1	0.334032896
188	9.1	16.1	0.334012416
188	20.0	16.1	0.334012416
188	10.0	16.1	0.334012416
188	10.0	16.1	0.334012416
189	22.2	16.1	0.334012416
189	18.2	16.1	0.334012416
189	9.1	16.1	0.334012416
189	18.2	16.1	0.334106624
189	20.0	16.1	0.334000128
190	10.0	16.1	0.334000128
190	10.0	16.1	0.333979648
190	10.0	16.1	0.334106624
190	20.0	16.1	0.3342336
190	18.2	16.1	0.333991936
191	10.0	16.1	0.334135296
191	10.0	16.1	0.334135296
191	10.0	16.1	0.334147584
192	10.0	16.1	0.334147584
192	10.0	16.1	0.334135296
192	18.2	16.1	0.334229504
193	11.1	16.1	0.33435648
193	18.2	16.1	0.334114816
193	10.0	16.1	0.334114816
193	18.2	16.1	0.334114816
193	18.2	16.1	0.334102528
194	10.0	16.1	0.33435648
194	10.0	16.1	0.334123008
194	11.1	16.1	0.334102528
194	18.2	16.1	0.334102528
194	27.3	16.1	0.334102528
194	10.0	16.1	0.334102528
195	11.1	16.1	0.3347456
195	18.2	16.1	0.3347456
195	10.0	16.1	0.3347456
195	10.0	16.1	0.3347456
195	10.0	16.1	0.334114816
195	18.2	16.1	0.33421312
195	11.1	16.1	0.33421312
196	10.0	16.1	0.334303232
196	18.2	16.1	0.334303232
196	18.2	16.1	0.334106624
196	10.0	16.1	0.334106624
196	11.1	16.1	0.334106624
197	27.3	16.1	0.335343616
197	10.0	16.2	0.336822272
197	18.2	16.2	0.336297984
197	10.0	16.2	0.336297984
197	20.0	16.2	0.336297984
198	10.0	16.2	0.33632256
198	10.0	16.2	0.336662528
198	20.0	16.2	0.336330752
198	18.2	16.2	0.336330752
198	11.1	16.2	0.336416768
199	10.0	16.2	0.33632256
199	10.0	16.2	0.33632256
199	27.3	16.2	0.3362816
199	27.3	16.2	0.336310272
200	18.2	16.2	0.336310272
200	10.0	16.2	0.336310272
200	9.1	16.2	0.3362816
200	18.2	16.2	0.3362816
200	18.2	16.2	0.3362816
200	11.1	16.2	0.3362816
200	10.0	16.2	0.336662528
201	27.3	16.2	0.336789504
201	9.1	16.2	0.336789504
201	10.0	16.2	0.336789504
201	22.2	16.2	0.33691648
201	18.2	16.2	0.337043456
201	9.1	16.2	0.337297408
202	27.3	16.2	0.337424384
202	9.1	16.2	0.337424384
202	10.0	16.2	0.337424384
202	10.0	16.2	0.337424384
202	10.0	16.2	0.337424384
202	18.2	16.2	0.33755136
203	10.0	16.2	0.33755136
203	9.1	16.2	0.33755136
203	10.0	16.2	0.337678336
203	16.7	16.2	0.337678336
203	20.0	16.2	0.337678336
203	10.0	16.2	0.337678336
203	10.0	16.2	0.337678336
204	10.0	16.2	0.337444864
204	10.0	16.2	0.337444864
204	18.2	16.2	0.337444864
204	10.0	16.2	0.337444864
204	16.7	16.2	0.337424384
204	18.2	16.2	0.336433152
205	10.0	16.2	0.336433152
205	11.1	16.2	0.336433152
205	10.0	16.2	0.336400384
205	10.0	16.2	0.336400384
205	10.0	16.2	0.33652736
205	18.2	16.2	0.336654336
205	20.0	16.2	0.336420864
205	10.0	16.2	0.336420864
206	10.0	16.2	0.336420864
206	18.2	16.2	0.336420864
206	10.0	16.2	0.336400384
206	10.0	16.2	0.336400384
206	10.0	16.2	0.33652736
207	10.0	16.2	0.336560128
207	10.0	16.2	0.336560128
207	10.0	16.2	0.336560128
207	10.0	16.2	0.336560128
208	20.0	16.2	0.336687104
208	9.1	16.2	0.336715776
208	9.1	16.2	0.336687104
208	10.0	16.2	0.336687104
208	10.0	16.2	0.336687104
209	11.1	16.2	0.336687104
209	9.1	16.2	0.336687104
209	10.0	16.2	0.336687104
209	22.2	16.2	0.336715776
209	10.0	16.2	0.336715776
209	10.0	16.2	0.336523264
210	18.2	16.2	0.33681408
210	10.0	16.2	0.336941056
210	10.0	16.2	0.336941056
210	20.0	16.2	0.336707584
211	10.0	16.2	0.336941056
211	9.1	16.2	0.336928768
211	10.0	16.2	0.336928768
211	10.0	16.2	0.336822272
211	10.0	16.2	0.336822272
211	10.0	16.2	0.336822272
211	11.1	16.2	0.336822272
212	10.0	16.2	0.336822272
212	10.0	16.2	0.336822272
212	10.0	16.2	0.336928768
212	11.1	16.2	0.336928768
212	9.1	16.2	0.336928768
212	11.1	16.2	0.336928768
212	10.0	16.2	0.336928768
213	18.2	16.2	0.336928768
213	10.0	16.2	0.336920576
213	10.0	16.2	0.336920576
213	9.1	16.2	0.336900096
213	11.1	16.2	0.336900096
214	18.2	16.2	0.336900096
214	9.1	16.2	0.337281024
214	20.0	16.2	0.337022976
214	18.2	16.2	0.337022976
214	10.0	16.2	0.337022976
215	18.2	16.2	0.337022976
215	11.1	16.2	0.337256448
215	10.0	16.2	0.337248256
215	12.5	16.2	0.337375232
215	22.2	16.2	0.337006592
215	11.1	16.2	0.337006592
216	10.0	16.2	0.337006592
216	10.0	16.2	0.33712128
216	18.2	16.2	0.337248256
216	10.0	16.2	0.337133568
217	10.0	16.2	0.337133568
217	18.2	16.2	0.337248256
217	10.0	16.2	0.337248256
217	40.0	16.3	0.338010112
217	55.6	16.2	0.336613376
218	27.3	16.2	0.336613376
218	30.0	16.2	0.336613376
218	9.1	16.2	0.336613376
218	10.0	16.2	0.336613376
218	10.0	16.2	0.336613376
218	20.0	16.2	0.336740352
219	10.0	16.2	0.336760832
219	11.1	16.2	0.336760832
219	10.0	16.2	0.336740352
219	9.1	16.2	0.336740352
219	9.1	16.2	0.336740352
219	18.2	16.2	0.336867328
219	18.2	16.2	0.336994304
220	9.1	16.2	0.337502208
220	9.1	16.2	0.337502208
220	10.0	16.2	0.337629184
220	18.2	16.3	0.337883136
220	10.0	16.3	0.338010112
221	10.0	16.3	0.338010112
221	10.0	16.3	0.338010112
221	9.1	16.3	0.338010112
221	10.0	16.3	0.338010112
221	9.1	16.3	0.338010112
221	10.0	16.3	0.338010112
221	22.2	16.3	0.338010112
221	33.3	16.3	0.338137088
221	33.3	16.3	0.338137088
222	22.2	16.3	0.338137088
222	18.2	16.3	0.338137088
222	10.0	16.3	0.338137088
222	11.1	16.3	0.338264064
222	25.0	16.3	0.338644992
222	11.1	16.2	0.337645568
223	18.2	16.2	0.337645568
223	27.3	16.2	0.337629184
223	30.0	16.2	0.337629184
223	20.0	16.2	0.337629184
223	11.1	16.2	0.337629184
224	20.0	16.2	0.33677312
224	10.0	16.2	0.33677312
224	10.0	16.2	0.33677312
224	11.1	16.2	0.336740352
225	10.0	16.2	0.336736256
225	10.0	16.2	0.336707584
225	11.1	16.2	0.336707584
225	18.2	16.2	0.336707584
226	18.2	16.2	0.33683456
226	10.0	16.2	0.336736256
226	18.2	16.2	0.336707584
226	9.1	16.2	0.336707584
226	11.1	16.2	0.336707584
227	25.0	16.2	0.33683456
227	10.0	16.2	0.336736256
227	10.0	16.2	0.336748544
227	18.2	16.2	0.336748544
227	10.0	16.2	0.336748544
227	11.1	16.2	0.33687552
228	18.2	16.2	0.336777216
228	16.7	16.2	0.336777216
228	10.0	16.2	0.336740352
228	22.2	16.2	0.336740352
228	11.1	16.2	0.336867328
229	11.1	16.2	0.336769024
229	10.0	16.2	0.336740352
229	10.0	16.2	0.336740352
229	9.1	16.2	0.336740352
229	20.0	16.2	0.336740352
229	25.0	16.2	0.336740352
229	22.2	16.2	0.336867328
229	22.2	16.2	0.336769024
230	33.3	16.2	0.336769024
230	9.1	16.2	0.336769024
230	18.2	16.2	0.336740352
230	18.2	16.2	0.336887808
230	10.0	16.2	0.336887808
230	20.0	16.2	0.336887808
231	10.0	16.2	0.336887808
231	10.0	16.2	0.336867328
231	9.1	16.2	0.336867328
231	18.2	16.2	0.336994304
231	18.2	16.2	0.336879616
232	11.1	16.2	0.336879616
232	9.1	16.2	0.336867328
232	18.2	16.2	0.336867328
232	20.0	16.2	0.336994304
232	20.0	16.2	0.336896
232	10.0	16.2	0.336896
233	10.0	16.2	0.336896
233	10.0	16.2	0.336867328
233	9.1	16.2	0.336867328
233	20.0	16.3	0.338010112
233	11.1	16.3	0.338518016
233	18.2	16.3	0.338644992
234	10.0	16.3	0.338771968
234	20.0	16.3	0.338898944
234	10.0	16.3	0.338898944
234	11.1	16.3	0.339279872
235	10.0	16.3	0.339279872
235	10.0	16.3	0.339279872
235	10.0	16.3	0.339279872
235	9.1	16.3	0.339279872
235	11.1	16.3	0.339406848
236	10.0	16.3	0.339406848
236	10.0	16.3	0.339533824
236	18.2	16.3	0.339533824
236	18.2	16.3	0.339533824
236	11.1	16.3	0.339533824
237	10.0	16.3	0.339533824
237	18.2	16.3	0.339533824
237	9.1	16.3	0.339533824
237	20.0	16.3	0.339533824
237	11.1	16.3	0.339533824
237	10.0	16.3	0.339533824
238	18.2	16.3	0.339533824
238	10.0	16.3	0.339533824
238	10.0	16.3	0.339533824
238	10.0	16.3	0.339533824
238	27.3	16.3	0.3396608
239	10.0	16.4	0.340041728
239	10.0	16.4	0.340041728
239	10.0	16.4	0.340168704
239	20.0	16.4	0.34029568
239	10.0	16.4	0.340422656
239	11.1	16.3	0.338935808
240	18.2	16.3	0.338935808
240	10.0	16.3	0.338866176
240	10.0	16.3	0.338866176
240	9.1	16.3	0.338866176
240	11.1	16.3	0.338866176
240	10.0	16.3	0.337874944
241	10.0	16.3	0.337874944
241	11.1	16.3	0.337874944
241	16.7	16.3	0.337874944
241	10.0	16.3	0.337850368
241	10.0	16.3	0.337850368
241	18.2	16.3	0.337977344
241	18.2	16.3	0.33787904
241	20.0	16.3	0.33787904
242	10.0	16.2	0.337842176
242	18.2	16.2	0.337842176
242	10.0	16.2	0.337842176
242	11.1	16.3	0.33787904
243	10.0	16.3	0.33787904
243	18.2	16.2	0.337809408
243	10.0	16.2	0.337809408
243	11.1	16.2	0.337809408
243	10.0	16.3	0.337936384
244	10.0	16.2	0.33783808
244	9.1	16.2	0.337809408
244	10.0	16.2	0.337809408
244	18.2	16.2	0.33783808
244	10.0	16.2	0.33783808
245	25.0	16.2	0.33783808
245	10.0	16.2	0.337809408
245	10.0	16.2	0.337809408
245	20.0	16.3	0.33806336
246	11.1	16.2	0.337829888
246	10.0	16.2	0.337829888
246	10.0	16.2	0.337842176
246	20.0	16.2	0.337842176
246	20.0	16.3	0.337969152
247	10.0	16.3	0.337870848
247	18.2	16.3	0.337870848
247	10.0	16.2	0.337842176
247	18.2	16.3	0.338149376
248	10.0	16.3	0.338149376
248	10.0	16.3	0.338149376
248	11.1	16.3	0.338128896
248	18.2	16.3	0.338128896
248	10.0	16.3	0.338255872
249	11.1	16.3	0.338157568
249	18.2	16.3	0.338157568
249	10.0	16.3	0.338128896
249	11.1	16.3	0.338157568
249	10.0	16.3	0.338157568
250	10.0	16.3	0.338157568
250	10.0	16.3	0.338157568
250	10.0	16.3	0.338128896
250	11.1	16.3	0.338128896
250	20.0	16.3	0.338157568
250	10.0	16.3	0.338157568
251	8.3	16.3	0.338128896
251	10.0	16.3	0.338128896
251	10.0	16.3	0.338128896
251	18.2	16.3	0.338128896
251	10.0	16.3	0.338255872
251	11.1	16.3	0.338149376
252	10.0	16.3	0.338149376
252	9.1	16.3	0.338149376
252	10.0	16.3	0.338120704
252	18.2	16.3	0.338149376
253	10.0	16.3	0.338149376
253	9.1	16.3	0.338120704
253	11.1	16.3	0.33824768
253	11.1	16.3	0.338149376
254	10.0	16.3	0.338149376
254	10.0	16.3	0.338149376
254	9.1	16.3	0.338120704
254	10.0	16.3	0.338120704
254	11.1	16.3	0.33820672
255	10.0	16.3	0.338423808
255	10.0	16.3	0.338423808
255	18.2	16.3	0.338423808
255	10.0	16.3	0.338149376
255	10.0	16.3	0.338149376
256	11.1	16.3	0.338149376
256	10.0	16.3	0.338149376
256	9.1	16.3	0.338120704
256	10.0	16.3	0.33824768
256	10.0	16.3	0.338149376
256	18.2	16.3	0.338149376
257	10.0	16.3	0.338149376
257	10.0	16.3	0.338120704
257	11.1	16.3	0.33824768
257	11.1	16.3	0.33824768
257	10.0	16.3	0.338149376
257	20.0	16.3	0.338149376
258	10.0	16.3	0.338149376
258	10.0	16.3	0.338149376
258	10.0	16.3	0.338149376
258	10.0	16.3	0.338120704
258	10.0	16.3	0.33824768
258	11.1	16.3	0.338149376
258	18.2	16.3	0.338149376
259	11.1	16.3	0.338149376
259	18.2	16.3	0.338120704
259	18.2	16.3	0.338116608
260	10.0	16.3	0.338087936
260	10.0	16.3	0.338087936
260	11.1	16.3	0.338087936
260	10.0	16.3	0.338108416
261	10.0	16.3	0.338108416
261	10.0	16.3	0.338087936
261	10.0	16.3	0.338087936
261	25.0	16.3	0.338087936
261	10.0	16.3	0.338214912
261	10.0	16.3	0.338341888
262	18.2	16.3	0.338468864
262	20.0	16.3	0.338100224
262	9.1	16.3	0.338100224
262	18.2	16.3	0.338214912
262	20.0	16.3	0.338214912
262	10.0	16.3	0.338214912
262	10.0	16.3	0.338243584
263	10.0	16.3	0.338497536
263	10.0	16.3	0.33800192
263	11.1	16.3	0.33800192
263	25.0	16.3	0.33800192
264	18.2	16.3	0.338243584
264	9.1	16.3	0.338243584
264	20.0	16.3	0.33837056
264	10.0	16.3	0.33800192
264	10.0	16.3	0.33800192
264	10.0	16.3	0.33800192
265	10.0	16.3	0.337989632
265	10.0	16.3	0.338243584
265	11.1	16.3	0.33808384
265	18.2	16.3	0.33808384
266	10.0	16.3	0.33808384
266	10.0	16.3	0.33808384
266	25.0	16.3	0.338313216
266	25.0	16.3	0.338010112
267	16.7	16.3	0.338010112
267	10.0	16.3	0.338116608
267	18.2	16.3	0.338018304
267	20.0	16.3	0.338116608
267	10.0	16.3	0.338116608
268	10.0	16.3	0.338116608
268	10.0	16.3	0.338116608
268	33.3	16.3	0.338116608
268	20.0	16.3	0.338243584
268	10.0	16.3	0.33837056
269	10.0	16.3	0.338010112
269	20.0	16.3	0.338010112
269	9.1	16.3	0.338120704
269	18.2	16.3	0.338153472
269	20.0	16.3	0.338153472
269	30.0	16.3	0.338280448
269	10.0	16.3	0.338182144
270	10.0	16.3	0.338182144
270	9.1	16.3	0.338153472
270	9.1	16.3	0.338153472
270	11.1	16.3	0.338280448
270	18.2	16.3	0.338407424
271	20.0	16.3	0.338182144
271	18.2	16.3	0.338153472
271	10.0	16.3	0.338182144
272	18.2	16.3	0.338182144
272	10.0	16.3	0.338153472
272	18.2	16.3	0.338427904
272	18.2	16.3	0.338427904
273	27.3	16.3	0.338427904
273	10.0	16.3	0.338661376
273	9.1	16.3	0.338661376
273	10.0	16.3	0.338419712
274	10.0	16.3	0.338419712
274	10.0	16.3	0.338419712
274	20.0	16.3	0.338546688
274	10.0	16.3	0.338546688
275	18.2	16.3	0.338546688
275	10.0	16.3	0.338526208
275	9.1	16.3	0.338526208
275	10.0	16.3	0.338653184
275	10.0	16.3	0.33878016
275	18.2	16.3	0.338546688
276	10.0	16.3	0.338546688
276	10.0	16.3	0.338546688
276	16.7	16.3	0.338526208
276	18.2	16.3	0.338526208
276	11.1	16.3	0.33878016
276	10.0	16.3	0.338546688
277	11.1	16.3	0.338546688
277	9.1	16.3	0.338546688
277	10.0	16.3	0.338546688
277	10.0	16.3	0.338526208
277	10.0	16.3	0.338624512
277	10.0	16.3	0.338751488
277	18.2	16.3	0.338878464
278	9.1	16.3	0.339132416
278	18.2	16.3	0.339132416
278	20.0	16.3	0.33964032
279	18.2	16.3	0.339767296
279	18.2	16.3	0.339533824
279	10.0	16.3	0.339533824
280	10.0	16.3	0.339533824
280	16.7	16.3	0.339513344
280	18.2	16.3	0.339513344
280	11.1	16.3	0.339513344
281	18.2	16.3	0.338558976
281	10.0	16.3	0.338526208
281	9.1	16.3	0.338653184
281	10.0	16.3	0.338653184
282	18.2	16.3	0.338653184
282	20.0	16.3	0.338579456
282	10.0	16.3	0.338558976
282	9.1	16.3	0.338558976
282	11.1	16.3	0.338558976
282	12.5	16.3	0.338558976
282	12.5	16.3	0.338558976
283	27.3	16.3	0.338558976
283	10.0	16.3	0.338558976
283	10.0	16.3	0.338558976
283	10.0	16.3	0.338685952
283	10.0	16.3	0.338587648
283	20.0	16.3	0.338587648
284	10.0	16.3	0.338587648
284	10.0	16.3	0.338587648
284	10.0	16.3	0.338587648
285	10.0	16.3	0.338587648
285	10.0	16.3	0.338587648
285	11.1	16.3	0.338558976
285	10.0	16.3	0.338558976
285	10.0	16.3	0.338558976
286	11.1	16.3	0.338546688
286	18.2	16.3	0.338546688
286	18.2	16.3	0.338522112
286	18.2	16.3	0.338522112
286	25.0	16.3	0.338522112
287	9.1	16.3	0.338776064
287	10.0	16.3	0.338776064
287	11.1	16.3	0.338669568
287	10.0	16.3	0.338669568
287	18.2	16.3	0.338669568
288	10.0	16.3	0.338669568
288	10.0	16.3	0.338669568
288	10.0	16.3	0.338649088
288	9.1	16.3	0.338649088
288	10.0	16.3	0.338489344
288	36.4	16.3	0.338489344
289	11.1	16.3	0.338489344
289	10.0	16.3	0.33861632
289	18.2	16.3	0.338743296
289	10.0	16.3	0.338509824
290	18.2	16.3	0.338509824
290	10.0	16.3	0.338509824
290	20.0	16.3	0.338489344
290	22.2	16.3	0.338489344
291	20.0	16.3	0.338509824
291	10.0	16.3	0.338509824
291	10.0	16.3	0.338489344
291	10.0	16.3	0.338489344
291	11.1	16.3	0.338489344
291	10.0	16.3	0.33861632
291	10.0	16.3	0.33861632
292	10.0	16.3	0.338501632
292	10.0	16.3	0.338456576
292	9.1	16.3	0.338456576
292	11.1	16.3	0.338456576
292	18.2	16.3	0.338456576
292	10.0	16.3	0.338542592
293	18.2	16.3	0.338497536
293	10.0	16.3	0.338464768
293	10.0	16.3	0.338464768
293	11.1	16.3	0.338464768
293	10.0	16.3	0.338464768
294	11.1	16.3	0.338591744
294	9.1	16.3	0.338464768
294	9.1	16.3	0.338464768
294	20.0	16.3	0.338464768
295	10.0	16.3	0.338464768
295	20.0	16.3	0.33845248
295	25.0	16.3	0.33845248
296	10.0	16.3	0.33845248
296	9.1	16.3	0.338432
296	16.7	16.3	0.338432
296	11.1	16.3	0.338558976
296	10.0	16.3	0.338685952
296	10.0	16.3	0.33845248
297	10.0	16.3	0.33845248
297	18.2	16.3	0.338432
297	10.0	16.3	0.338685952
297	10.0	16.3	0.33845248
298	11.1	16.3	0.33845248
298	10.0	16.3	0.33845248
298	18.2	16.3	0.338432
298	10.0	16.3	0.338432
298	10.0	16.3	0.338432
298	10.0	16.3	0.338526208
299	11.1	16.3	0.338526208
299	10.0	16.3	0.33878016
299	18.2	16.3	0.33841152
299	10.0	16.3	0.33841152
299	10.0	16.3	0.33841152
299	10.0	16.3	0.33841152
299	10.0	16.3	0.33841152
299	11.1	16.3	0.33841152
300	10.0	16.3	0.338526208
300	10.0	16.3	0.338653184
300	11.1	16.3	0.33841152
