timeFrame	TimeOverhead
5	6068
2	9127
7	4081
3	8078
6	5083
4	7084
8	5163
9	4172
11	4985
13	2999
12	4000
10	6001
14	5373
15	4379
17	5356
16	6358
18	4358
19	3359
21	4130
22	3135
20	5138
25	6332
24	7339
23	8342
26	8175
27	3600
29	1659
28	2663
30	666
32	6041
33	5341
31	7346
34	5708
35	6966
40	5490
39	6504
37	8614
36	9654
38	7417
42	8716
41	9720
44	6726
43	7730
47	4284
45	6287
46	5290
48	7706
50	5707
49	6711
51	4713
53	4270
52	5274
56	7531
54	9547
57	6554
55	8556
58	8252
59	3674
60	5696
61	4698
62	3702
66	32064
65	33076
64	34094
67	31096
69	29120
68	30125
63	35133
70	28162
80	22101
76	26109
71	31109
73	29123
77	25130
74	28140
72	30129
78	24143
79	23150
75	27151
83	21659
81	23666
82	22671
85	23778
84	24782
86	22819
88	20823
87	21827
90	18833
89	19834
91	14251
92	14972
96	10986
93	13994
95	12003
97	10004
94	13006
98	12221
100	10282
99	11288
102	11564
105	8576
106	7577
101	12579
108	5575
104	9582
103	10583
107	6605
109	7103
111	5110
110	6118
116	3075
114	5086
113	6093
112	7096
115	4102
118	4155
117	5159
121	7315
122	6324
120	8328
119	9332
123	4853
124	3858
125	5527
126	4532
127	3539
128	7773
130	5774
129	6780
131	5567
132	4575
133	3584
136	3222
134	5228
135	4234
137	5537
139	3540
138	4583
140	5739
142	3743
141	4751
144	4510
143	5519
145	3526
146	8438
147	7476
148	6480
151	3535
150	4540
149	5545
154	6745
153	7751
152	8757
157	2961
156	4002
155	8604
158	4950
159	3956
161	4599
162	3601
160	5603
163	5969
164	4977
165	3982
167	5199
166	6221
168	4224
170	4909
171	3916
169	5926
172	2928
173	7297
174	6303
175	5642
177	3649
176	4652
178	7644
180	5650
179	6653
183	3890
181	5899
182	4900
184	9088
186	7093
185	8095
188	4308
187	8889
189	3320
192	3337
190	5343
191	4346
193	7640
194	6646
195	5651
197	4299
196	5303
200	5638
198	7644
201	4650
199	6655
203	4300
202	5307
207	3637
204	6644
206	4651
205	5656
208	5296
209	4303
210	6538
212	4545
211	5552
213	3555
214	5297
215	4301
216	3307
219	6580
218	7598
217	8601
220	5632
221	4637
222	3639
225	3727
223	5734
224	4740
228	6127
226	8146
227	7150
230	4727
231	3735
229	5741
233	7635
234	6641
232	8646
237	3721
236	4725
235	5730
240	3403
238	5410
239	4413
242	4729
243	3733
241	5739
246	4626
245	5633
244	6640
247	8703
248	7714
249	6715
253	5369
256	2379
258	383
257	1385
251	10974
250	11975
252	6393
255	3393
254	4395
259	5128
260	4141
262	8631
264	6641
263	7646
261	9652
265	7748
266	6756
268	47141
269	46153
270	45159
267	48165
273	45650
276	42651
274	44741
272	46742
275	43743
271	47746
279	40190
277	42223
282	37225
281	38234
278	41237
280	39237
284	36683
288	29151
283	37741
286	31164
285	32166
287	30167
290	28482
291	27510
289	29516
293	25798
294	24807
292	26823
295	41211
299	37231
301	35234
298	38238
296	40674
300	37252
297	47237
4	11825
3	14141
5	12143
2	15143
11	2536
7	10146
6	11148
8	9148
9	4569
10	3570
14	3336
12	5854
15	2347
13	4321
17	1902
16	2905
18	6016
19	10047
24	5051
22	7053
20	9062
23	6073
21	8074
25	4075
27	3910
26	4913
28	2916
29	1921
30	922
31	6717
32	7032
35	4057
34	5061
33	6066
36	11662
37	10680
38	12887
44	3289
45	2313
42	5315
40	10915
39	11917
41	6318
43	4319
47	6980
48	6053
46	8057
49	5061
50	4090
51	4355
53	2359
54	1365
52	3369
55	374
58	3337
56	5341
59	2341
60	1344
57	4350
61	3029
68	9602
70	7607
69	8615
63	14619
62	15620
64	13685
67	10686
66	11688
65	12690
71	8705
73	3111
72	7713
75	1118
74	2119
76	2342
79	3117
80	2125
78	4130
77	5136
81	2691
82	1696
83	5988
84	10000
87	7003
85	9030
88	6030
89	5030
90	4031
86	8034
92	3749
91	4756
94	1758
93	2762
95	3979
96	6501
100	3980
97	6993
98	5999
99	5007
102	6314
101	7322
104	11209
108	3620
105	6627
107	4627
106	5632
103	12235
109	2632
110	1633
115	1068
112	4076
111	5081
114	2083
113	3085
118	2110
117	3117
120	119
119	1120
116	4124
121	5510
123	3516
122	4521
125	1525
124	2527
126	2965
127	5879
130	12574
128	14580
129	13584
132	12093
131	13100
139	3095
135	10699
134	11704
137	5113
136	9714
140	2115
138	4119
133	12720
143	2855
144	1862
145	866
141	4872
142	3872
146	7963
147	6970
154	4973
153	5981
150	8987
148	10996
155	3994
151	8000
149	10002
152	7002
164	10872
169	5874
165	9878
160	14880
170	1286
167	7889
163	11891
162	12916
168	6916
156	18925
166	8919
158	16925
157	17927
161	13922
159	15950
171	1852
174	3239
173	4243
172	5245
175	2248
177	1927
176	2937
183	5949
179	9953
184	4962
178	10967
181	7968
180	8973
182	6975
186	4897
185	5901
188	2904
189	1906
187	3910
190	3943
191	6652
193	5943
195	3948
194	4954
192	6958
196	11543
197	10550
203	2417
205	421
201	8025
202	3430
199	10034
198	11038
204	1440
200	9040
208	2649
207	3661
210	666
209	1668
206	4673
211	7941
212	6948
215	8947
213	10953
216	7958
217	6963
214	9965
219	4969
218	5969
220	19658
227	12661
222	17668
221	18675
223	16676
229	10684
228	11686
224	15688
230	9688
226	13689
225	14694
232	7700
231	8705
235	1109
234	2113
233	6710
236	2264
237	5038
240	2042
238	4045
239	3047
242	1710
241	2716
243	5959
247	6989
249	4995
245	9004
246	8018
244	10020
248	6019
251	4657
250	5663
252	3669
254	1667
253	2673
255	3932
256	6448
260	3928
257	6936
259	4947
258	5951
261	11533
262	10538
265	10151
270	1560
263	12162
268	3563
266	5564
267	4565
269	2566
264	11170
272	3431
273	2444
275	447
274	1450
271	4452
277	6934
276	7938
284	20515
299	1921
300	924
291	13526
289	15527
288	16539
290	14540
279	25544
298	6543
293	11544
282	22546
281	23570
286	18570
283	21571
278	26574
297	7573
285	19575
280	24577
292	12576
287	17577
295	9578
294	10579
296	8580
302	4828
304	2833
301	5836
303	3838
305	1839
306	2461
307	6923
308	5928
309	9925
312	6930
311	7935
313	5939
310	8941
314	4941
315	5480
316	4485
319	1489
318	2492
317	3493
320	3913
321	6235
323	5916
324	4921
322	6928
325	3929
327	9839
326	10844
330	6851
329	7855
328	8859
331	4480
332	3485
333	2493
336	5884
338	3889
337	4896
335	6903
334	7904
339	2906
340	1906
341	2904
343	4843
342	5849
344	3855
345	8907
346	7915
347	6921
353	16230
354	15233
358	11236
356	13241
359	10248
349	20252
355	14251
352	17254
351	18272
348	21272
357	12271
360	9272
350	19275
363	2685
364	1686
365	687
362	7285
361	8285
367	4623
369	2626
370	1629
368	3633
366	5636
371	2241
373	5909
372	6917
377	6904
374	9910
376	7924
375	8926
379	4926
378	5927
380	5237
381	4242
382	3247
384	1250
383	2252
385	3895
386	6115
390	3904
387	6909
388	5916
389	4919
391	10641
393	8645
395	3049
394	7651
392	9654
397	3244
396	4250
404	5867
407	2873
402	7880
406	3880
399	10890
405	4888
409	899
403	6903
408	1903
400	9907
398	11908
401	8913
412	3643
414	1652
410	5655
413	2659
411	4660
415	3885
420	12492
419	13503
417	15507
418	14510
416	16511
421	12856
422	11870
423	10878
427	4530
429	2535
428	3541
430	1552
426	9153
425	10155
424	11160
435	402
434	1408
431	4415
433	2421
432	3421
436	7884
442	6888
439	9895
443	5898
440	8903
444	4909
441	7910
438	10912
437	11913
447	11887
448	10892
449	9897
446	12901
445	13903
458	6381
455	9383
453	11387
450	14391
454	10393
451	13397
452	12408
456	8409
459	5411
457	7412
460	858
465	1830
464	2839
463	3840
462	4843
461	5845
466	3028
467	6878
470	3888
468	5895
469	4898
472	3425
473	2431
474	1437
471	4441
475	3874
478	3420
476	5424
477	4430
479	2434
481	2874
480	3879
482	6876
485	12532
490	7540
486	11544
484	13552
487	10553
489	8557
488	9559
483	14567
494	2211
493	3222
495	1226
491	8872
492	4232
496	2422
499	3202
497	5209
500	2213
498	4218
502	1835
501	2840
503	6179
504	5837
509	840
507	2848
506	3855
508	1855
505	4858
513	5882
512	6887
510	8890
511	7895
514	4900
516	4809
519	1809
520	810
517	3813
515	5815
518	2818
525	595
521	8199
524	1603
523	6204
522	7206
526	5596
529	2606
528	3609
527	4612
530	1614
531	2815
532	6862
533	5869
539	4865
538	5869
537	6874
534	9880
536	7883
535	8885
542	3231
543	2238
541	4244
544	1248
540	5251
545	3854
549	15600
548	16608
555	9612
552	12618
557	4023
556	5027
547	17628
553	11634
559	2042
554	10641
550	14643
560	1056
558	3057
551	13658
546	18659
564	2992
561	5995
565	2002
563	4008
562	5008
566	2603
567	6851
568	5863
574	4858
569	9871
572	6874
573	5875
570	8880
571	7878
575	19000
577	17007
579	15010
576	18015
585	9017
580	14022
588	6025
586	8035
582	12036
578	16046
584	10048
583	11050
587	7050
581	13052
589	1459
590	460
592	4396
595	1401
593	3405
591	5408
594	2409
596	2029
603	2013
601	4019
598	7027
604	1031
602	3039
600	5042
599	6043
597	8049
607	4107
609	2114
606	5119
608	3123
605	6124
610	3850
611	2860
612	15459
615	12461
613	14463
614	13465
616	12722
617	11725
621	6031
624	3040
618	12648
619	11655
623	4063
622	5076
625	2077
620	10687
627	3775
629	1779
630	787
626	4794
628	2795
632	6835
631	7841
638	5828
637	6834
633	10842
635	8846
634	9855
639	4854
636	7856
651	7814
655	222
642	16828
644	14831
650	8830
643	15844
640	18846
653	2245
641	17848
646	12848
647	11849
648	10870
652	6869
649	9872
654	1275
645	13876
656	5182
657	4187
658	3195
660	1198
659	2202
661	1786
662	6852
668	6810
669	5814
663	11820
671	3821
670	4827
667	7830
665	9832
674	830
672	2835
666	8838
664	10840
673	1838
675	6574
679	4818
676	7824
677	6830
680	3834
678	5835
681	10200
682	9213
683	8216
684	7220
687	2205
686	3212
685	4216
689	11230
698	2239
693	7244
699	1251
697	3252
696	4258
688	12261
695	5261
691	9262
690	10262
694	6264
692	8265
700	3809
701	5176
702	4182
704	2187
703	3190
705	3809
706	2815
707	17581
716	8583
720	986
715	9590
714	10592
712	12601
719	2002
718	3004
711	13607
709	15625
708	16627
717	7625
713	11627
710	14629
724	2962
722	4969
721	5967
725	1977
723	3978
726	2574
728	5812
727	6816
731	7811
732	6817
729	9825
730	8828
734	4828
733	5830
738	15984
735	18988
746	7984
741	12992
740	13997
748	5998
742	12004
736	18018
737	17021
744	10017
743	11019
739	15022
749	5019
745	9020
747	7038
750	2586
754	2370
751	5378
752	4378
753	3379
756	2572
755	3578
759	5975
763	1979
761	3986
760	4991
764	992
762	2993
757	8000
758	7000
765	5964
769	1966
766	4964
767	3970
768	2972
770	3379
771	6745
774	13391
773	14396
772	15402
776	12601
777	11611
775	13619
780	8645
782	3049
783	2051
781	7657
778	10662
784	1063
779	9670
787	3754
788	2761
786	4766
785	5766
789	1768
790	2394
792	6784
791	7790
799	4795
793	10801
796	7806
798	5815
797	6821
794	9830
795	8831
805	13753
813	5756
806	12761
802	16763
807	11773
809	9775
812	6773
810	8790
814	1194
811	7793
800	18799
801	17801
804	14801
808	10804
803	15807
815	2410
816	5139
818	3147
817	4151
819	2155
821	2516
820	3519
829	750
827	2763
822	7770
828	1771
824	5774
823	6775
826	3785
825	4787
831	4776
834	1779
833	2783
832	3787
830	5791
835	3772
837	5527
836	6533
839	4773
838	5778
842	10372
843	9378
840	12386
841	11390
846	9372
848	3779
847	4785
844	11388
849	2793
845	10394
853	2512
852	3520
854	1525
851	4530
850	5531
855	2150
857	6769
856	7774
858	10768
862	6770
860	8773
859	9774
864	4782
863	5786
861	7787
867	16533
874	9559
872	11565
870	13570
869	14576
866	17580
871	12584
873	10588
868	15590
865	18598
877	8767
875	10782
876	9788
878	7789
879	3196
880	5931
883	2942
882	3950
884	1951
881	4953
885	3181
886	7760
887	6764
888	5770
889	14779
896	7787
891	12791
898	5795
897	6801
895	8804
899	4806
893	10814
890	13817
892	11820
894	9827
903	5769
901	7773
904	4778
902	6782
900	8786
907	3529
908	2534
906	4539
909	1543
905	5545
910	5151
913	2327
912	3333
911	4338
914	1338
915	2538
916	5328
917	4333
918	3338
919	2341
921	1937
920	2942
922	6764
926	7758
925	8764
929	4769
928	5775
927	6777
924	9781
923	10781
938	9362
933	14369
932	15372
937	10374
931	16383
939	8382
935	12385
934	13389
936	11390
930	17394
944	1726
942	7331
940	9334
943	2739
941	8340
945	2962
947	4726
946	5734
948	3735
949	2736
950	1738
951	2354
953	5748
952	6755
959	4751
955	8749
954	9762
956	7765
958	5769
957	6770
960	5330
961	4338
962	3343
963	2347
964	1347
965	3747
966	6239
969	4749
968	5757
967	6762
971	11352
970	12358
972	10365
976	3893
978	1897
973	10498
979	906
977	2910
974	9509
975	8511
984	882
980	4890
982	2892
981	3895
983	1895
986	2744
985	3748
993	5756
988	10768
992	6783
987	11785
990	8792
991	7794
994	4795
989	9798
1007	7144
1009	1549
998	16151
997	17154
1001	13158
1008	2563
1004	10164
1000	14173
999	15176
995	19177
1003	11177
1006	8179
1005	9180
996	18199
1002	12199
1010	2782
1012	4523
1014	2530
1013	3535
1011	5537
1016	2186
1015	3190
1017	6739
1018	5748
1020	8745
1022	6750
1023	5756
1021	7760
1019	9766
1024	4767
1026	4152
1027	3156
1028	2164
1025	5169
1029	1168
1030	3735
1031	7741
1032	6747
1033	5753
1034	4755
1035	12335
1036	11341
1037	12132
1040	5541
1043	2547
1041	4553
1038	11153
1044	1560
1042	3562
1039	10160
1051	3554
1049	5561
1046	8568
1045	9572
1050	4574
1052	2579
1047	7581
1048	6582
1053	1581
1054	583
1056	4592
1057	3598
1058	2606
1055	5610
1059	1601
1060	3728
1065	13941
1063	15945
1071	7948
1062	16952
1066	12954
1068	10958
1064	14963
1072	3361
1070	8974
1061	17977
1073	2373
1069	9977
1067	11978
1074	1375
1075	2533
1079	2313
1076	5320
1077	4328
1078	3329
1081	1956
1080	2962
1082	6727
1086	7730
1087	6736
1088	5742
1084	9748
1089	4751
1083	10753
1085	8753
1095	14334
1090	19320
1097	12337
1092	17343
1099	10343
1103	6346
1102	7348
1091	18362
1094	15364
1098	11362
1093	16366
1104	5363
1100	9365
1101	8365
1096	13386
1105	2960
1106	5756
1109	2762
1107	4767
1108	3771
1110	3325
1111	2332
1113	10728
1114	9736
1119	4739
1112	11745
1115	8750
1118	5748
1117	6753
1116	7755
1120	5349
1121	4354
1124	1360
1123	2364
1122	3356
1125	3718
1130	13722
1136	7729
1134	9732
1131	12742
1128	15751
1126	17754
1137	3163
1127	16768
1139	1165
1133	10767
1129	14770
1138	2169
1132	11778
1135	8779
1140	2372
1143	3109
1142	4116
1144	2215
1141	5217
1146	1753
1145	2759
1147	6709
1148	10741
1152	6750
1151	7750
1150	8758
1153	5760
1149	9761
1154	4762
1156	18209
1157	17211
1161	13219
1159	15221
1155	19223
1164	10220
1163	11221
1158	16225
1162	12231
1160	14233
1166	8236
1167	7237
1168	6238
1169	1642
1165	9240
1170	2724
1172	4499
1173	3504
1174	2506
1171	5507
1176	2745
1175	3750
1177	6709
1178	5715
1182	6709
1181	7714
1184	4722
1180	8726
1179	9728
1183	5730
1189	1125
1188	2130
1187	3135
1186	4136
1185	5140
1190	3704
1194	4709
1192	6716
1193	5720
1191	7723
1196	11327
1195	12332
1197	12114
1200	9118
1199	10170
1201	4572
1198	11171