txSize	resTime	storjTime	time_WO_Storj	cpuPerc	memoryPerc	memoryUsed
92744.83333333333 	 3410 	 185 	 3225 	 2.4 	 50.8 	 1.59281152 
92744.83333333333 	 5401 	 294 	 5107 	 2.4 	 50.8 	 1.59281152 
92750.83333333333 	 4428 	 199 	 4229 	 5.0 	 50.8 	 1.59281152 
89367.5 	 7373 	 173 	 7200 	 11.9 	 51.7 	 1.621991424 
89371.5 	 5368 	 233 	 5135 	 11.9 	 51.7 	 1.621991424 
89367.5 	 9389 	 184 	 9205 	 11.9 	 51.7 	 1.621991424 
89367.5 	 3390 	 175 	 3215 	 7.5 	 51.7 	 1.621991424 
92750.83333333333 	 4388 	 193 	 4195 	 7.5 	 51.7 	 1.621991424 
92744.83333333333 	 6418 	 226 	 6192 	 10.3 	 51.7 	 1.621991424 
92744.83333333333 	 8417 	 184 	 8233 	 12.5 	 51.7 	 1.621991424 
92750.83333333333 	 3856 	 172 	 3684 	 5.3 	 52.5 	 1.647951872 
92744.83333333333 	 5882 	 169 	 5713 	 2.5 	 52.5 	 1.647951872 
89367.5 	 2880 	 186 	 2694 	 2.5 	 52.5 	 1.647951872 
89371.5 	 6907 	 186 	 6721 	 7.7 	 52.5 	 1.647951872 
89371.5 	 4876 	 316 	 4560 	 7.1 	 52.5 	 1.647951872 
92744.83333333333 	 3446 	 291 	 3155 	 4.9 	 52.7 	 1.652178944 
92750.83333333333 	 8453 	 173 	 8280 	 9.8 	 53.9 	 1.69097216 
89367.5 	 9481 	 183 	 9298 	 4.9 	 53.9 	 1.69097216 
92744.83333333333 	 13997 	 172 	 13825 	 7.7 	 55.3 	 1.732698112 
92744.83333333333 	 16011 	 225 	 15786 	 10.3 	 55.3 	 1.733206016 
92744.83333333333 	 11021 	 226 	 10795 	 12.8 	 55.3 	 1.733967872 
89371.5 	 13036 	 185 	 12851 	 15.0 	 55.3 	 1.734221824 
89367.5 	 6451 	 205 	 6246 	 15.0 	 55.3 	 1.734221824 
89367.5 	 12046 	 194 	 11852 	 15.0 	 55.3 	 1.734221824 
89367.5 	 15049 	 178 	 14871 	 14.6 	 55.3 	 1.734221824 
89367.5 	 4791 	 175 	 4616 	 20.9 	 56.5 	 1.771798528 
89371.5 	 3777 	 184 	 3593 	 19.1 	 56.5 	 1.771798528 
92744.83333333333 	 6774 	 179 	 6595 	 15.6 	 56.5 	 1.771798528 
89371.5 	 8797 	 192 	 8605 	 20.0 	 56.5 	 1.772040192 
89367.5 	 7797 	 177 	 7620 	 26.1 	 56.5 	 1.772294144 
89371.5 	 9840 	 216 	 9624 	 31.7 	 56.6 	 1.773817856 
89371.5 	 5858 	 293 	 5565 	 25.0 	 56.6 	 1.773817856 
92744.83333333333 	 2892 	 191 	 2701 	 12.2 	 56.6 	 1.773817856 
89371.5 	 11903 	 172 	 11731 	 12.2 	 56.6 	 1.773817856 
89371.5 	 10907 	 178 	 10729 	 7.3 	 56.6 	 1.773817856 
89367.5 	 5785 	 186 	 5599 	 15.4 	 57.4 	 1.80158464 
89371.5 	 3794 	 181 	 3613 	 20.0 	 57.5 	 1.803444224 
92744.83333333333 	 6791 	 192 	 6599 	 17.9 	 57.5 	 1.803194368 
92756.83333333333 	 7838 	 202 	 7636 	 19.0 	 57.5 	 1.80344832 
89371.5 	 4843 	 219 	 4624 	 17.5 	 57.5 	 1.80344832 
89371.5 	 2861 	 174 	 2687 	 15.0 	 57.5 	 1.803296768 
92760.83333333333 	 2702 	 181 	 2521 	 5.1 	 58.1 	 1.821458432 
92744.83333333333 	 5712 	 202 	 5510 	 7.5 	 58.1 	 1.821458432 
92756.83333333333 	 3713 	 174 	 3539 	 7.5 	 58.1 	 1.821458432 
89371.5 	 4777 	 210 	 4567 	 15.4 	 58.1 	 1.82296576 
92744.83333333333 	 6790 	 187 	 6603 	 14.6 	 58.1 	 1.82296576 
92750.83333333333 	 2763 	 182 	 2581 	 7.7 	 58.2 	 1.825312768 
92744.83333333333 	 6763 	 194 	 6569 	 12.8 	 59.3 	 1.859743744 
89367.5 	 4781 	 181 	 4600 	 13.2 	 59.3 	 1.860743168 
89371.5 	 7814 	 187 	 7627 	 15.4 	 59.3 	 1.860743168 
89371.5 	 2820 	 180 	 2640 	 13.5 	 59.3 	 1.860743168 
89367.5 	 5836 	 184 	 5652 	 10.3 	 59.3 	 1.860743168 
92744.83333333333 	 3840 	 282 	 3558 	 10.3 	 59.3 	 1.860743168 
89367.5 	 8836 	 174 	 8662 	 10.3 	 59.3 	 1.860743168 
89367.5 	 6421 	 285 	 6136 	 4.9 	 59.8 	 1.876058112 
92772.83333333333 	 6763 	 189 	 6574 	 7.5 	 60.1 	 1.883480064 
92744.83333333333 	 796 	 176 	 620 	 5.0 	 60.1 	 1.883480064 
89371.5 	 2209 	 176 	 2033 	 5.1 	 60.1 	 1.883480064 
92750.83333333333 	 1237 	 239 	 998 	 4.9 	 60.1 	 1.883480064 
89371.5 	 241 	 196 	 45 	 4.9 	 60.1 	 1.883480064 
92750.83333333333 	 2310 	 554 	 1756 	 7.5 	 60.3 	 1.890656256 
89367.5 	 3322 	 739 	 2583 	 12.8 	 60.3 	 1.89116416 
89371.5 	 5675 	 257 	 5418 	 7.7 	 61.0 	 1.91213568 
89371.5 	 4721 	 370 	 4351 	 10.3 	 61.0 	 1.91213568 
89371.5 	 6766 	 473 	 6293 	 5.3 	 61.0 	 1.91213568 
89367.5 	 3176 	 197 	 2979 	 7.7 	 61.1 	 1.915686912 
89367.5 	 4255 	 190 	 4065 	 9.5 	 61.1 	 1.915686912 
92750.83333333333 	 5268 	 184 	 5084 	 7.3 	 61.1 	 1.915686912 
89371.5 	 4327 	 175 	 4152 	 2.5 	 61.0 	 1.91277056 
92760.83333333333 	 5321 	 195 	 5126 	 7.1 	 61.0 	 1.91277056 
89371.5 	 3326 	 180 	 3146 	 5.0 	 61.0 	 1.91277056 
92744.83333333333 	 7336 	 177 	 7159 	 9.3 	 61.0 	 1.91277056 
89367.5 	 6331 	 288 	 6043 	 7.1 	 61.0 	 1.91277056 
92744.83333333333 	 8333 	 202 	 8131 	 9.5 	 61.0 	 1.91277056 
89367.5 	 9339 	 181 	 9158 	 7.5 	 61.0 	 1.91277056 
89371.5 	 4397 	 225 	 4172 	 7.5 	 60.9 	 1.909231616 
92750.83333333333 	 6403 	 185 	 6218 	 9.8 	 60.9 	 1.909231616 
92744.83333333333 	 2425 	 199 	 2226 	 9.8 	 60.9 	 1.909231616 
89371.5 	 3436 	 239 	 3197 	 7.5 	 60.9 	 1.909231616 
89371.5 	 5437 	 173 	 5264 	 7.3 	 60.9 	 1.909080064 
92744.83333333333 	 3271 	 278 	 2993 	 2.4 	 60.8 	 1.907658752 
89367.5 	 4647 	 175 	 4472 	 12.8 	 60.6 	 1.90117888 
92750.83333333333 	 921 	 186 	 735 	 7.9 	 60.6 	 1.90117888 
89367.5 	 9666 	 171 	 9495 	 7.9 	 60.6 	 1.90117888 
92744.83333333333 	 8685 	 177 	 8508 	 5.4 	 60.6 	 1.901019136 
89367.5 	 1887 	 177 	 1710 	 7.7 	 60.6 	 1.901019136 
89371.5 	 3703 	 185 	 3518 	 7.7 	 60.6 	 1.901019136 
92756.83333333333 	 6727 	 180 	 6547 	 7.7 	 60.6 	 1.900867584 
92744.83333333333 	 7735 	 182 	 7553 	 7.5 	 60.6 	 1.900716032 
89367.5 	 5737 	 198 	 5539 	 5.3 	 60.6 	 1.900716032 
89367.5 	 5460 	 169 	 5291 	 7.7 	 59.7 	 1.872846848 
89367.5 	 11595 	 169 	 11426 	 15.8 	 58.5 	 1.834164224 
92750.83333333333 	 3589 	 192 	 3397 	 15.4 	 58.5 	 1.834164224 
92760.83333333333 	 4624 	 192 	 4432 	 15.4 	 58.5 	 1.833832448 
89371.5 	 9642 	 185 	 9457 	 15.0 	 58.5 	 1.833680896 
89371.5 	 8653 	 290 	 8363 	 12.5 	 58.5 	 1.833680896 
92744.83333333333 	 5684 	 200 	 5484 	 7.7 	 58.5 	 1.833218048 
92750.83333333333 	 6688 	 225 	 6463 	 5.3 	 58.5 	 1.833218048 
92750.83333333333 	 10693 	 220 	 10473 	 5.1 	 58.5 	 1.833066496 
89371.5 	 7695 	 185 	 7510 	 5.1 	 58.5 	 1.833066496 
92750.83333333333 	 6580 	 191 	 6389 	 15.0 	 57.6 	 1.806979072 
89371.5 	 5605 	 173 	 5432 	 10.3 	 57.6 	 1.806630912 
89367.5 	 4608 	 174 	 4434 	 7.9 	 57.6 	 1.806630912 
89367.5 	 3629 	 173 	 3456 	 7.9 	 57.6 	 1.806503936 
89367.5 	 2634 	 179 	 2455 	 5.3 	 57.6 	 1.806344192 
89371.5 	 7646 	 224 	 7422 	 7.5 	 57.6 	 1.806344192 
92744.83333333333 	 2780 	 227 	 2553 	 2.6 	 57.9 	 1.81612544 
89367.5 	 6054 	 231 	 5823 	 7.3 	 57.8 	 1.813798912 
89371.5 	 5096 	 185 	 4911 	 7.1 	 57.8 	 1.81364736 
89371.5 	 4101 	 183 	 3918 	 5.0 	 57.8 	 1.81364736 
92750.83333333333 	 3582 	 178 	 3404 	 7.7 	 57.7 	 1.810997248 
89367.5 	 2587 	 201 	 2386 	 7.5 	 57.7 	 1.811009536 
89367.5 	 4678 	 281 	 4397 	 5.0 	 57.7 	 1.811009536 
92756.83333333333 	 7444 	 185 	 7259 	 7.5 	 57.6 	 1.806036992 
92744.83333333333 	 4644 	 178 	 4466 	 2.6 	 57.6 	 1.805410304 
89367.5 	 6685 	 294 	 6391 	 2.5 	 57.6 	 1.805410304 
92750.83333333333 	 2733 	 181 	 2552 	 5.0 	 57.6 	 1.805410304 
89367.5 	 1731 	 195 	 1536 	 4.9 	 57.6 	 1.805410304 
89367.5 	 3661 	 195 	 3466 	 9.8 	 57.6 	 1.805410304 
89367.5 	 5663 	 177 	 5486 	 7.5 	 57.6 	 1.805410304 
92744.83333333333 	 1009 	 188 	 821 	 4.9 	 57.4 	 1.801240576 
89371.5 	 994 	 189 	 805 	 4.9 	 57.4 	 1.801240576 
92750.83333333333 	 3666 	 180 	 3486 	 2.6 	 57.4 	 1.800830976 
89371.5 	 10259 	 183 	 10076 	 2.6 	 57.4 	 1.800830976 
89371.5 	 5677 	 183 	 5494 	 2.6 	 57.4 	 1.800830976 
89367.5 	 2655 	 198 	 2457 	 2.5 	 57.4 	 1.799364608 
92750.83333333333 	 4512 	 234 	 4278 	 7.7 	 57.3 	 1.795805184 
92744.83333333333 	 7546 	 389 	 7157 	 5.3 	 57.3 	 1.795805184 
92750.83333333333 	 5571 	 378 	 5193 	 2.5 	 57.3 	 1.795805184 
89367.5 	 6574 	 810 	 5764 	 2.6 	 57.3 	 1.795805184 
92744.83333333333 	 2981 	 215 	 2766 	 5.0 	 57.2 	 1.792856064 
92756.83333333333 	 3999 	 386 	 3613 	 2.5 	 57.2 	 1.792704512 
89367.5 	 4997 	 229 	 4768 	 2.4 	 57.2 	 1.792704512 
89371.5 	 7985 	 221 	 7764 	 9.8 	 57.0 	 1.786896384 
92744.83333333333 	 4005 	 281 	 3724 	 7.5 	 57.0 	 1.786896384 
89367.5 	 7009 	 206 	 6803 	 5.1 	 57.0 	 1.786896384 
92744.83333333333 	 3015 	 315 	 2700 	 5.1 	 57.0 	 1.786896384 
89371.5 	 5019 	 242 	 4777 	 5.1 	 57.0 	 1.786896384 
89371.5 	 9039 	 200 	 8839 	 2.6 	 57.0 	 1.786585088 
89371.5 	 6035 	 232 	 5803 	 2.5 	 57.0 	 1.786585088 
89371.5 	 1989 	 232 	 1757 	 14.3 	 56.7 	 1.779142656 
89371.5 	 7996 	 277 	 7719 	 14.3 	 56.7 	 1.779142656 
92750.83333333333 	 4012 	 220 	 3792 	 10.3 	 56.7 	 1.779142656 
89371.5 	 7019 	 223 	 6796 	 10.0 	 56.7 	 1.779142656 
89371.5 	 10022 	 218 	 9804 	 7.3 	 56.7 	 1.779142656 
89367.5 	 11042 	 245 	 10797 	 7.3 	 56.7 	 1.778982912 
89371.5 	 6043 	 218 	 5825 	 7.5 	 56.7 	 1.77883136 
92750.83333333333 	 3044 	 246 	 2798 	 5.0 	 56.7 	 1.77883136 
92744.83333333333 	 5076 	 234 	 4842 	 5.1 	 56.7 	 1.778679808 
89371.5 	 9082 	 210 	 8872 	 2.6 	 56.7 	 1.778679808 
89367.5 	 5449 	 215 	 5234 	 5.1 	 56.6 	 1.77457152 
92760.83333333333 	 5292 	 211 	 5081 	 71.8 	 56.6 	 1.774198784 
89371.5 	 6245 	 269 	 5976 	 63.6 	 56.6 	 1.774198784 
92744.83333333333 	 662 	 225 	 437 	 68.2 	 56.6 	 1.774198784 
92750.83333333333 	 297 	 215 	 82 	 71.8 	 56.6 	 1.774374912 
89367.5 	 8425 	 385 	 8040 	 25.6 	 56.1 	 1.760555008 
89367.5 	 15478 	 429 	 15049 	 15.4 	 56.1 	 1.760251904 
89371.5 	 16484 	 511 	 15973 	 10.0 	 56.1 	 1.760411648 
92744.83333333333 	 4488 	 236 	 4252 	 10.5 	 56.1 	 1.760411648 
92744.83333333333 	 5491 	 206 	 5285 	 15.0 	 56.1 	 1.760411648 
89367.5 	 6493 	 218 	 6275 	 12.8 	 56.1 	 1.760411648 
92744.83333333333 	 12500 	 288 	 12212 	 9.8 	 56.1 	 1.760260096 
92744.83333333333 	 14508 	 265 	 14243 	 7.5 	 56.1 	 1.760260096 
89367.5 	 11510 	 394 	 11116 	 7.5 	 56.1 	 1.760260096 
89371.5 	 10504 	 227 	 10277 	 7.5 	 56.1 	 1.760260096 
89371.5 	 17514 	 208 	 17306 	 9.8 	 56.1 	 1.760260096 
92744.83333333333 	 9514 	 384 	 9130 	 10.0 	 56.1 	 1.760260096 
89371.5 	 7518 	 208 	 7310 	 9.8 	 56.1 	 1.760108544 
89371.5 	 13518 	 394 	 13124 	 9.8 	 56.1 	 1.760108544 
92744.83333333333 	 3519 	 215 	 3304 	 9.8 	 56.1 	 1.760108544 
92744.83333333333 	 3921 	 553 	 3368 	 11.9 	 56.0 	 1.755918336 
89367.5 	 5952 	 205 	 5747 	 14.0 	 56.0 	 1.755918336 
89367.5 	 4960 	 211 	 4749 	 14.3 	 56.0 	 1.755918336 
89367.5 	 6975 	 219 	 6756 	 12.2 	 56.0 	 1.755758592 
92744.83333333333 	 2989 	 400 	 2589 	 7.7 	 56.0 	 1.755758592 
92760.83333333333 	 3441 	 228 	 3213 	 2.6 	 55.9 	 1.75454208 
92744.83333333333 	 4532 	 217 	 4315 	 9.5 	 55.7 	 1.747070976 
89371.5 	 7527 	 225 	 7302 	 9.8 	 55.7 	 1.747070976 
89367.5 	 6531 	 548 	 5983 	 9.5 	 55.7 	 1.747070976 
92744.83333333333 	 1543 	 225 	 1318 	 12.2 	 55.7 	 1.747070976 
92744.83333333333 	 9548 	 208 	 9340 	 12.2 	 55.7 	 1.747070976 
89371.5 	 5572 	 407 	 5165 	 12.8 	 55.7 	 1.74682112 
89371.5 	 3584 	 462 	 3122 	 15.4 	 55.7 	 1.746415616 
89367.5 	 2598 	 219 	 2379 	 12.8 	 55.7 	 1.746415616 
89371.5 	 8603 	 210 	 8393 	 12.8 	 55.7 	 1.746415616 
92750.83333333333 	 914 	 314 	 600 	 9.5 	 55.6 	 1.743310848 
92744.83333333333 	 95 	 489 	 -394 	 5.1 	 55.6 	 1.743310848 
92744.83333333333 	 1148 	 214 	 934 	 5.0 	 55.6 	 1.743310848 
89371.5 	 2160 	 207 	 1953 	 2.5 	 55.6 	 1.743310848 
92760.83333333333 	 1837 	 210 	 1627 	 2.6 	 55.6 	 1.743310848 
89367.5 	 2809 	 346 	 2463 	 2.4 	 55.5 	 1.741467648 
89367.5 	 6670 	 222 	 6448 	 7.1 	 55.4 	 1.737986048 
89371.5 	 3678 	 217 	 3461 	 5.1 	 55.4 	 1.737986048 
92760.83333333333 	 2691 	 222 	 2469 	 5.3 	 55.4 	 1.737986048 
89367.5 	 5745 	 399 	 5346 	 5.0 	 55.4 	 1.737826304 
92744.83333333333 	 4742 	 262 	 4480 	 5.0 	 55.4 	 1.737826304 
92744.83333333333 	 2844 	 206 	 2638 	 17.9 	 55.4 	 1.735950336 
92744.83333333333 	 6301 	 226 	 6075 	 12.5 	 55.2 	 1.731207168 
92750.83333333333 	 5374 	 307 	 5067 	 14.3 	 55.2 	 1.731207168 
89371.5 	 4393 	 271 	 4122 	 9.5 	 55.2 	 1.731207168 
92750.83333333333 	 3832 	 226 	 3606 	 17.9 	 55.1 	 1.729323008 
92750.83333333333 	 4862 	 240 	 4622 	 35.0 	 55.1 	 1.729323008 
89371.5 	 2903 	 233 	 2670 	 28.2 	 55.1 	 1.729323008 
92744.83333333333 	 12810 	 209 	 12601 	 29.3 	 54.9 	 1.720475648 
92750.83333333333 	 8814 	 203 	 8611 	 25.6 	 54.9 	 1.720475648 
89367.5 	 7832 	 212 	 7620 	 22.0 	 54.9 	 1.720475648 
89371.5 	 1840 	 384 	 1456 	 17.9 	 54.9 	 1.720475648 
89371.5 	 11852 	 244 	 11608 	 19.0 	 54.9 	 1.720324096 
89371.5 	 4854 	 204 	 4650 	 12.2 	 54.9 	 1.720172544 
89367.5 	 6863 	 254 	 6609 	 11.9 	 54.9 	 1.720172544 
92760.83333333333 	 10872 	 307 	 10565 	 11.9 	 54.9 	 1.720332288 
89371.5 	 5866 	 233 	 5633 	 11.9 	 54.9 	 1.720332288 
89371.5 	 2871 	 326 	 2545 	 11.9 	 54.9 	 1.720332288 
89367.5 	 9873 	 258 	 9615 	 11.9 	 54.9 	 1.720332288 
89371.5 	 3897 	 206 	 3691 	 7.5 	 54.9 	 1.720172544 
92744.83333333333 	 5407 	 220 	 5187 	 7.5 	 54.7 	 1.716416512 
92744.83333333333 	 1283 	 208 	 1075 	 15.4 	 54.7 	 1.71603968 
92744.83333333333 	 309 	 232 	 77 	 15.4 	 54.7 	 1.71603968 
89367.5 	 5898 	 266 	 5632 	 12.8 	 54.7 	 1.71603968 
92750.83333333333 	 6392 	 223 	 6169 	 5.0 	 54.6 	 1.713061888 
89371.5 	 5421 	 205 	 5216 	 5.0 	 54.6 	 1.713061888 
89367.5 	 3261 	 206 	 3055 	 9.5 	 54.5 	 1.70758144 
89367.5 	 6265 	 269 	 5996 	 9.5 	 54.5 	 1.70758144 
89367.5 	 4254 	 370 	 3884 	 9.5 	 54.5 	 1.70758144 
92744.83333333333 	 11269 	 231 	 11038 	 7.1 	 54.5 	 1.70758144 
89371.5 	 5269 	 232 	 5037 	 9.5 	 54.5 	 1.70758144 
89371.5 	 9273 	 353 	 8920 	 5.0 	 54.4 	 1.707429888 
89371.5 	 10276 	 200 	 10076 	 5.0 	 54.4 	 1.707429888 
92744.83333333333 	 8273 	 351 	 7922 	 7.3 	 54.4 	 1.707429888 
89371.5 	 7277 	 376 	 6901 	 5.0 	 54.4 	 1.707429888 
92744.83333333333 	 2746 	 269 	 2477 	 5.1 	 54.2 	 1.700151296 
89371.5 	 5762 	 242 	 5520 	 5.0 	 54.2 	 1.700151296 
89367.5 	 3774 	 230 	 3544 	 2.6 	 54.2 	 1.700151296 
92744.83333333333 	 4777 	 223 	 4554 	 2.6 	 54.2 	 1.700151296 
89371.5 	 6781 	 262 	 6519 	 4.9 	 54.2 	 1.700151296 
92750.83333333333 	 3216 	 309 	 2907 	 24.4 	 54.2 	 1.699721216 
92750.83333333333 	 5677 	 276 	 5401 	 5.0 	 54.1 	 1.697337344 
92750.83333333333 	 3688 	 223 	 3465 	 4.9 	 54.1 	 1.697337344 
92744.83333333333 	 4695 	 207 	 4488 	 4.9 	 54.1 	 1.697337344 
89367.5 	 6687 	 418 	 6269 	 2.5 	 54.1 	 1.697337344 
89371.5 	 3255 	 213 	 3042 	 2.5 	 54.0 	 1.694584832 
92750.83333333333 	 4260 	 200 	 4060 	 2.5 	 54.0 	 1.69443328 
92744.83333333333 	 8088 	 259 	 7829 	 64.3 	 53.9 	 1.689673728 
89371.5 	 9562 	 217 	 9345 	 67.5 	 53.9 	 1.689653248 
92750.83333333333 	 8344 	 219 	 8125 	 7.7 	 53.8 	 1.687425024 
92744.83333333333 	 11349 	 248 	 11101 	 7.7 	 53.8 	 1.687425024 
89371.5 	 7354 	 192 	 7162 	 7.5 	 53.8 	 1.687425024 
92750.83333333333 	 10352 	 296 	 10056 	 7.3 	 53.8 	 1.687425024 
89371.5 	 1735 	 469 	 1266 	 10.0 	 53.8 	 1.687273472 
89371.5 	 9376 	 227 	 9149 	 10.3 	 53.8 	 1.687113728 
92744.83333333333 	 6396 	 320 	 6076 	 12.2 	 53.8 	 1.686962176 
89371.5 	 6176 	 442 	 5734 	 7.5 	 53.7 	 1.685061632 
92744.83333333333 	 3186 	 205 	 2981 	 5.0 	 53.7 	 1.685061632 
89371.5 	 5194 	 195 	 4999 	 5.1 	 53.7 	 1.685061632 
89367.5 	 4211 	 225 	 3986 	 2.6 	 53.7 	 1.685061632 
92744.83333333333 	 2128 	 212 	 1916 	 2.5 	 53.7 	 1.683808256 
89367.5 	 3143 	 199 	 2944 	 7.0 	 53.7 	 1.683808256 
92744.83333333333 	 2601 	 210 	 2391 	 4.9 	 53.7 	 1.682579456 
89371.5 	 4610 	 196 	 4414 	 10.3 	 53.5 	 1.677029376 
89367.5 	 5618 	 375 	 5243 	 12.2 	 53.5 	 1.677029376 
89371.5 	 7625 	 206 	 7419 	 7.3 	 53.5 	 1.676877824 
92750.83333333333 	 6631 	 198 	 6433 	 5.0 	 53.5 	 1.676877824 
92750.83333333333 	 2634 	 500 	 2134 	 4.9 	 53.5 	 1.676877824 
89371.5 	 1631 	 271 	 1360 	 5.0 	 53.5 	 1.676877824 
89371.5 	 3629 	 212 	 3417 	 4.9 	 53.5 	 1.676877824 
92744.83333333333 	 8627 	 324 	 8303 	 7.0 	 53.5 	 1.676877824 
89371.5 	 5582 	 196 	 5386 	 20.9 	 53.3 	 1.670868992 
92744.83333333333 	 4599 	 265 	 4334 	 15.0 	 53.3 	 1.670868992 
92756.83333333333 	 6632 	 289 	 6343 	 7.5 	 53.3 	 1.67071744 
92756.83333333333 	 2641 	 220 	 2421 	 5.0 	 53.3 	 1.67071744 
92744.83333333333 	 3634 	 204 	 3430 	 5.0 	 53.3 	 1.67071744 
92750.83333333333 	 9679 	 379 	 9300 	 11.9 	 53.0 	 1.661382656 
92750.83333333333 	 6684 	 203 	 6481 	 10.0 	 53.0 	 1.661382656 
92756.83333333333 	 11691 	 307 	 11384 	 7.7 	 53.0 	 1.661382656 
89371.5 	 8697 	 446 	 8251 	 11.9 	 53.0 	 1.661382656 
89367.5 	 10686 	 219 	 10467 	 9.8 	 53.0 	 1.661382656 
92744.83333333333 	 7691 	 358 	 7333 	 7.7 	 53.0 	 1.661382656 
89371.5 	 12701 	 237 	 12464 	 10.0 	 53.0 	 1.661382656 
89371.5 	 13695 	 262 	 13433 	 11.9 	 53.0 	 1.661382656 
92744.83333333333 	 14703 	 197 	 14506 	 7.7 	 53.0 	 1.661382656 
92744.83333333333 	 79 	 587 	 -508 	 11.9 	 53.0 	 1.660801024 
92744.83333333333 	 6641 	 272 	 6369 	 7.3 	 53.0 	 1.660801024 
89371.5 	 5639 	 234 	 5405 	 9.3 	 53.0 	 1.660801024 
89371.5 	 1094 	 211 	 883 	 7.1 	 53.0 	 1.660801024 
92744.83333333333 	 6337 	 748 	 5589 	 2.4 	 52.9 	 1.658109952 
89371.5 	 5335 	 197 	 5138 	 4.9 	 52.9 	 1.658109952 
89367.5 	 9058 	 202 	 8856 	 22.0 	 52.7 	 1.652023296 
89371.5 	 7062 	 211 	 6851 	 19.0 	 52.7 	 1.652199424 
92744.83333333333 	 6071 	 199 	 5872 	 19.5 	 52.7 	 1.652199424 
92750.83333333333 	 5091 	 215 	 4876 	 21.4 	 52.7 	 1.65203968 
89371.5 	 8098 	 202 	 7896 	 16.7 	 52.7 	 1.65203968 
89367.5 	 10109 	 211 	 9898 	 11.9 	 52.7 	 1.651879936 
89371.5 	 11113 	 189 	 10924 	 7.5 	 52.7 	 1.651879936 
89367.5 	 3116 	 213 	 2903 	 7.7 	 52.7 	 1.651879936 
92744.83333333333 	 4114 	 225 	 3889 	 7.7 	 52.7 	 1.651879936 
89367.5 	 4898 	 230 	 4668 	 7.7 	 52.5 	 1.64683776 
92750.83333333333 	 5903 	 250 	 5653 	 10.0 	 52.5 	 1.64683776 
89371.5 	 3908 	 314 	 3594 	 10.0 	 52.5 	 1.64683776 
89371.5 	 2932 	 453 	 2479 	 10.0 	 52.5 	 1.64683776 
92744.83333333333 	 6993 	 310 	 6683 	 7.5 	 52.5 	 1.646686208 
89371.5 	 4178 	 1045 	 3133 	 4.5 	 43.8 	 1.375080448 
92744.83333333333 	 3186 	 753 	 2433 	 4.5 	 43.8 	 1.375080448 
92744.83333333333 	 2190 	 341 	 1849 	 4.5 	 43.8 	 1.375080448 
92744.83333333333 	 1194 	 415 	 779 	 4.8 	 43.8 	 1.375080448 
89371.5 	 11410 	 692 	 10718 	 8.2 	 44.9 	 1.408565248 
89371.5 	 10445 	 617 	 9828 	 7.8 	 44.9 	 1.408684032 
89371.5 	 5492 	 375 	 5117 	 4.8 	 45.1 	 1.4148608 
92744.83333333333 	 13497 	 323 	 13174 	 4.8 	 45.1 	 1.4148608 
92744.83333333333 	 12519 	 881 	 11638 	 4.8 	 45.1 	 1.4148608 
92744.83333333333 	 10551 	 375 	 10176 	 4.3 	 45.1 	 1.415049216 
89367.5 	 7554 	 451 	 7103 	 4.3 	 45.1 	 1.415049216 
92750.83333333333 	 9555 	 347 	 9208 	 4.7 	 45.1 	 1.415049216 
89371.5 	 8563 	 224 	 8339 	 4.7 	 45.1 	 1.415049216 
89371.5 	 11580 	 824 	 10756 	 4.7 	 45.1 	 1.415049216 
89367.5 	 4581 	 503 	 4078 	 4.7 	 45.1 	 1.415049216 
89367.5 	 6585 	 206 	 6379 	 4.7 	 45.1 	 1.415049216 
92744.83333333333 	 4165 	 428 	 3737 	 4.5 	 45.1 	 1.414914048 
92750.83333333333 	 5183 	 513 	 4670 	 5.0 	 45.1 	 1.414914048 
89367.5 	 5485 	 417 	 5068 	 5.0 	 45.1 	 1.415462912 
89371.5 	 7492 	 210 	 7282 	 4.8 	 45.1 	 1.415462912 
92744.83333333333 	 6576 	 214 	 6362 	 4.5 	 45.1 	 1.415462912 
89371.5 	 5103 	 546 	 4557 	 4.8 	 45.1 	 1.415819264 
89371.5 	 6107 	 210 	 5897 	 4.8 	 45.1 	 1.415819264 
92744.83333333333 	 4119 	 445 	 3674 	 4.8 	 45.1 	 1.415819264 
89367.5 	 4101 	 708 	 3393 	 3.3 	 45.3 	 1.419845632 
89371.5 	 10115 	 678 	 9437 	 2.8 	 45.3 	 1.419845632 
92744.83333333333 	 9116 	 736 	 8380 	 2.5 	 45.3 	 1.419845632 
92756.83333333333 	 6123 	 259 	 5864 	 2.5 	 45.3 	 1.419845632 
92744.83333333333 	 5120 	 286 	 4834 	 2.5 	 45.3 	 1.419845632 
89371.5 	 8136 	 225 	 7911 	 3.0 	 45.3 	 1.419845632 
92750.83333333333 	 7142 	 690 	 6452 	 3.0 	 45.3 	 1.419845632 
92750.83333333333 	 610 	 389 	 221 	 5.8 	 46.4 	 1.45549312 
89367.5 	 1618 	 244 	 1374 	 5.5 	 46.4 	 1.45549312 
92750.83333333333 	 11205 	 392 	 10813 	 5.7 	 46.4 	 1.45549312 
92750.83333333333 	 2628 	 832 	 1796 	 5.7 	 46.4 	 1.45549312 
92750.83333333333 	 3637 	 523 	 3114 	 5.7 	 46.4 	 1.45549312 
89367.5 	 5646 	 636 	 5010 	 5.3 	 46.4 	 1.45549312 
92750.83333333333 	 4650 	 199 	 4451 	 5.2 	 46.4 	 1.45549312 
92744.83333333333 	 6655 	 393 	 6262 	 5.3 	 46.4 	 1.45549312 
89367.5 	 1817 	 331 	 1486 	 4.0 	 46.6 	 1.46274304 
89371.5 	 2870 	 672 	 2198 	 4.5 	 46.6 	 1.462730752 
89371.5 	 7137 	 426 	 6711 	 4.8 	 47.0 	 1.472753664 
92744.83333333333 	 6141 	 251 	 5890 	 4.8 	 47.0 	 1.472753664 
89367.5 	 4997 	 1514 	 3483 	 5.3 	 47.0 	 1.47519488 
92744.83333333333 	 3990 	 180 	 3810 	 5.0 	 47.0 	 1.47519488 
89367.5 	 6005 	 799 	 5206 	 5.3 	 47.0 	 1.47519488 
89371.5 	 4544 	 516 	 4028 	 8.1 	 47.2 	 1.48023296 
89371.5 	 8057 	 666 	 7391 	 9.5 	 47.7 	 1.497141248 
89367.5 	 7059 	 439 	 6620 	 9.5 	 47.7 	 1.497141248 
92750.83333333333 	 6060 	 694 	 5366 	 9.3 	 47.7 	 1.497141248 
89371.5 	 5062 	 411 	 4651 	 9.3 	 47.7 	 1.497141248 
89367.5 	 5568 	 512 	 5056 	 7.5 	 47.9 	 1.500700672 
89371.5 	 4584 	 566 	 4018 	 7.5 	 47.9 	 1.500700672 
89371.5 	 7528 	 351 	 7177 	 4.8 	 48.1 	 1.50941696 
89367.5 	 10551 	 310 	 10241 	 5.0 	 48.1 	 1.50941696 
89371.5 	 8560 	 651 	 7909 	 4.8 	 48.1 	 1.50941696 
92744.83333333333 	 6568 	 795 	 5773 	 4.8 	 48.1 	 1.50941696 
92750.83333333333 	 5582 	 499 	 5083 	 4.5 	 48.1 	 1.50941696 
89367.5 	 4583 	 876 	 3707 	 4.5 	 48.1 	 1.50941696 
92744.83333333333 	 3585 	 512 	 3073 	 4.5 	 48.1 	 1.50941696 
89371.5 	 9604 	 380 	 9224 	 4.3 	 48.1 	 1.50941696 
89371.5 	 2936 	 331 	 2605 	 5.0 	 48.1 	 1.509814272 
89371.5 	 10543 	 462 	 10081 	 5.0 	 48.1 	 1.509814272 
92744.83333333333 	 11554 	 702 	 10852 	 5.2 	 48.1 	 1.509814272 
92750.83333333333 	 4972 	 469 	 4503 	 5.0 	 48.1 	 1.509814272 
92744.83333333333 	 3974 	 332 	 3642 	 5.0 	 48.1 	 1.509814272 
92744.83333333333 	 964 	 328 	 636 	 5.2 	 48.1 	 1.509814272 
89371.5 	 1980 	 517 	 1463 	 5.3 	 48.1 	 1.509814272 
89367.5 	 9568 	 612 	 8956 	 5.3 	 48.1 	 1.509814272 
89371.5 	 11390 	 676 	 10714 	 7.8 	 48.2 	 1.51025664 
89367.5 	 10388 	 368 	 10020 	 7.8 	 48.2 	 1.51025664 
89367.5 	 7325 	 476 	 6849 	 4.7 	 48.2 	 1.510477824 
89371.5 	 5330 	 315 	 5015 	 4.7 	 48.2 	 1.510477824 
89371.5 	 13334 	 355 	 12979 	 4.7 	 48.2 	 1.510477824 
89371.5 	 10337 	 495 	 9842 	 5.0 	 48.2 	 1.510477824 
89367.5 	 6368 	 215 	 6153 	 5.2 	 48.2 	 1.510477824 
89367.5 	 4390 	 287 	 4103 	 4.5 	 48.2 	 1.510477824 
89371.5 	 8400 	 524 	 7876 	 4.3 	 48.2 	 1.510477824 
92744.83333333333 	 12405 	 220 	 12185 	 4.0 	 48.2 	 1.510477824 
89367.5 	 11413 	 383 	 11030 	 4.0 	 48.2 	 1.510477824 
89371.5 	 9417 	 282 	 9135 	 4.0 	 48.2 	 1.510477824 
92756.83333333333 	 4985 	 648 	 4337 	 5.7 	 48.2 	 1.51044096 
89371.5 	 3990 	 235 	 3755 	 5.7 	 48.2 	 1.51044096 
89367.5 	 6312 	 656 	 5656 	 4.0 	 48.2 	 1.510457344 
89371.5 	 7327 	 579 	 6748 	 4.2 	 48.2 	 1.510457344 
89371.5 	 5332 	 238 	 5094 	 4.5 	 48.2 	 1.510457344 
92744.83333333333 	 3931 	 274 	 3657 	 4.0 	 48.2 	 1.510395904 
89371.5 	 4932 	 555 	 4377 	 4.0 	 48.2 	 1.510395904 
89367.5 	 5955 	 453 	 5502 	 4.0 	 48.2 	 1.510395904 
89367.5 	 4191 	 485 	 3706 	 6.0 	 48.4 	 1.517039616 
92756.83333333333 	 10199 	 609 	 9590 	 6.0 	 48.4 	 1.517039616 
92750.83333333333 	 7197 	 249 	 6948 	 5.8 	 48.4 	 1.517039616 
92750.83333333333 	 8204 	 415 	 7789 	 6.3 	 48.4 	 1.51719936 
89371.5 	 9205 	 473 	 8732 	 6.7 	 48.4 	 1.51719936 
89371.5 	 6202 	 364 	 5838 	 6.2 	 48.4 	 1.51719936 
89371.5 	 5207 	 487 	 4720 	 6.3 	 48.4 	 1.51719936 
92744.83333333333 	 9355 	 723 	 8632 	 8.1 	 48.4 	 1.517780992 
89367.5 	 4779 	 431 	 4348 	 6.2 	 48.4 	 1.517899776 
92744.83333333333 	 9786 	 544 	 9242 	 6.0 	 48.4 	 1.517899776 
89371.5 	 7787 	 213 	 7574 	 6.2 	 48.4 	 1.517899776 
89367.5 	 8790 	 297 	 8493 	 6.2 	 48.4 	 1.517899776 
92756.83333333333 	 3793 	 244 	 3549 	 6.2 	 48.4 	 1.517899776 
89371.5 	 5813 	 241 	 5572 	 6.2 	 48.4 	 1.517899776 
89371.5 	 6822 	 340 	 6482 	 5.8 	 48.4 	 1.517899776 
92756.83333333333 	 1317 	 532 	 785 	 3.2 	 48.4 	 1.517801472 
89371.5 	 338 	 414 	 -76 	 4.0 	 48.4 	 1.517801472 
89367.5 	 2342 	 228 	 2114 	 3.5 	 48.4 	 1.517801472 
89371.5 	 3402 	 438 	 2964 	 4.3 	 48.4 	 1.517801472 
92760.83333333333 	 593 	 552 	 41 	 4.0 	 48.4 	 1.517801472 
89371.5 	 2845 	 267 	 2578 	 6.2 	 48.4 	 1.517727744 
92744.83333333333 	 2370 	 306 	 2064 	 2.8 	 48.4 	 1.517858816 
89371.5 	 3375 	 358 	 3017 	 2.8 	 48.4 	 1.517858816 
89371.5 	 376 	 424 	 -48 	 2.8 	 48.4 	 1.517858816 
92744.83333333333 	 1409 	 587 	 822 	 2.8 	 48.4 	 1.517858816 
89371.5 	 2752 	 390 	 2362 	 5.6 	 48.4 	 1.517842432 
89367.5 	 2334 	 351 	 1983 	 4.5 	 48.4 	 1.5179776 
89371.5 	 3403 	 1431 	 1972 	 6.3 	 48.4 	 1.5179776 
89371.5 	 4411 	 385 	 4026 	 6.1 	 48.4 	 1.5179776 
89367.5 	 6756 	 350 	 6406 	 10.2 	 48.4 	 1.51826432 
89367.5 	 7784 	 181 	 7603 	 10.7 	 48.4 	 1.51826432 
89371.5 	 8845 	 1146 	 7699 	 10.7 	 48.4 	 1.51826432 
92750.83333333333 	 4758 	 435 	 4323 	 7.3 	 48.4 	 1.518977024 
89367.5 	 7758 	 393 	 7365 	 7.3 	 48.4 	 1.518977024 
89367.5 	 6764 	 320 	 6444 	 7.0 	 48.4 	 1.518977024 
92744.83333333333 	 5761 	 527 	 5234 	 7.0 	 48.4 	 1.518977024 
89367.5 	 9782 	 390 	 9392 	 7.3 	 48.4 	 1.518977024 
89367.5 	 8814 	 676 	 8138 	 7.1 	 48.4 	 1.518977024 
89371.5 	 10832 	 1255 	 9577 	 7.1 	 48.4 	 1.51894016 
89371.5 	 2266 	 252 	 2014 	 5.5 	 48.4 	 1.51885824 
92756.83333333333 	 1259 	 753 	 506 	 5.3 	 48.4 	 1.51885824 
89371.5 	 227 	 532 	 -305 	 5.5 	 48.4 	 1.51885824 
92750.83333333333 	 4406 	 813 	 3593 	 4.2 	 48.4 	 1.51885824 
92756.83333333333 	 3174 	 416 	 2758 	 4.0 	 48.4 	 1.51885824 
89371.5 	 14128 	 587 	 13541 	 7.2 	 48.5 	 1.521737728 
92744.83333333333 	 9141 	 480 	 8661 	 6.7 	 48.5 	 1.521737728 
89371.5 	 6142 	 941 	 5201 	 6.5 	 48.5 	 1.521737728 
92744.83333333333 	 10162 	 348 	 9814 	 6.3 	 48.5 	 1.521737728 
89367.5 	 15164 	 403 	 14761 	 6.3 	 48.5 	 1.521737728 
89371.5 	 11195 	 654 	 10541 	 6.3 	 48.5 	 1.521737728 
92760.83333333333 	 7223 	 535 	 6688 	 6.4 	 48.5 	 1.521737728 
92744.83333333333 	 5238 	 657 	 4581 	 5.9 	 48.5 	 1.521737728 
89371.5 	 4249 	 386 	 3863 	 5.0 	 48.5 	 1.521737728 
92756.83333333333 	 16257 	 745 	 15512 	 5.0 	 48.5 	 1.521737728 
89371.5 	 12262 	 248 	 12014 	 4.8 	 48.5 	 1.521737728 
89371.5 	 13268 	 564 	 12704 	 4.8 	 48.5 	 1.521737728 
89371.5 	 8270 	 421 	 7849 	 4.8 	 48.5 	 1.521737728 
89371.5 	 3735 	 366 	 3369 	 5.5 	 48.5 	 1.521610752 
89371.5 	 6131 	 467 	 5664 	 3.5 	 48.5 	 1.521676288 
92744.83333333333 	 7212 	 404 	 6808 	 4.0 	 48.5 	 1.521676288 
92744.83333333333 	 9224 	 1544 	 7680 	 4.0 	 48.5 	 1.521676288 
89371.5 	 5219 	 475 	 4744 	 4.0 	 48.5 	 1.521676288 
89371.5 	 5782 	 546 	 5236 	 2.3 	 48.5 	 1.52160256 
89367.5 	 4809 	 329 	 4480 	 2.3 	 48.5 	 1.52160256 
89371.5 	 6725 	 2002 	 4723 	 4.5 	 48.5 	 1.521782784 
89367.5 	 3735 	 275 	 3460 	 4.3 	 48.5 	 1.521782784 
92744.83333333333 	 8735 	 1575 	 7160 	 4.2 	 48.5 	 1.521782784 
89371.5 	 9742 	 655 	 9087 	 4.5 	 48.5 	 1.521782784 
89371.5 	 10749 	 1216 	 9533 	 4.5 	 48.5 	 1.521782784 
89371.5 	 7760 	 547 	 7213 	 5.0 	 48.5 	 1.521782784 
92744.83333333333 	 5764 	 868 	 4896 	 5.3 	 48.5 	 1.521782784 
89371.5 	 4783 	 593 	 4190 	 5.0 	 48.5 	 1.521782784 
92744.83333333333 	 5748 	 989 	 4759 	 7.0 	 48.5 	 1.522003968 
89371.5 	 4755 	 859 	 3896 	 8.6 	 48.6 	 1.524187136 
92750.83333333333 	 3775 	 373 	 3402 	 8.8 	 48.6 	 1.524187136 
92750.83333333333 	 6792 	 373 	 6419 	 8.8 	 48.6 	 1.524187136 
92744.83333333333 	 7803 	 324 	 7479 	 8.5 	 48.6 	 1.524187136 
92756.83333333333 	 8806 	 294 	 8512 	 8.5 	 48.6 	 1.524207616 
89367.5 	 9858 	 725 	 9133 	 8.0 	 48.6 	 1.52434688 
92744.83333333333 	 5852 	 860 	 4992 	 8.0 	 48.6 	 1.52434688 
92744.83333333333 	 132 	 279 	 -147 	 5.0 	 48.6 	 1.52434688 
92744.83333333333 	 3155 	 964 	 2191 	 4.8 	 48.6 	 1.52434688 
92744.83333333333 	 2158 	 390 	 1768 	 4.8 	 48.6 	 1.52434688 
92744.83333333333 	 1211 	 1397 	 -186 	 4.8 	 48.6 	 1.52434688 
89371.5 	 3573 	 1042 	 2531 	 4.3 	 48.6 	 1.524625408 
89371.5 	 4128 	 538 	 3590 	 4.5 	 48.6 	 1.52459264 
92744.83333333333 	 8129 	 632 	 7497 	 6.0 	 48.6 	 1.524957184 
89371.5 	 5142 	 644 	 4498 	 6.0 	 48.6 	 1.524957184 
89367.5 	 4144 	 791 	 3353 	 6.3 	 48.6 	 1.524957184 
89371.5 	 7152 	 604 	 6548 	 6.3 	 48.6 	 1.524957184 
92744.83333333333 	 6153 	 653 	 5500 	 6.5 	 48.6 	 1.524957184 
92744.83333333333 	 9174 	 857 	 8317 	 6.5 	 48.6 	 1.524957184 
92756.83333333333 	 3174 	 464 	 2710 	 6.5 	 48.6 	 1.524957184 
89367.5 	 6556 	 694 	 5862 	 2.8 	 48.6 	 1.524977664 
89367.5 	 3557 	 822 	 2735 	 2.5 	 48.6 	 1.524977664 
92744.83333333333 	 4575 	 520 	 4055 	 3.0 	 48.6 	 1.524977664 
89367.5 	 5591 	 280 	 5311 	 3.3 	 48.6 	 1.524977664 
89367.5 	 5520 	 484 	 5036 	 2.8 	 48.6 	 1.5253504 
89367.5 	 7567 	 1008 	 6559 	 2.8 	 48.6 	 1.525354496 
92744.83333333333 	 4589 	 558 	 4031 	 2.5 	 48.6 	 1.525354496 
92756.83333333333 	 8622 	 1103 	 7519 	 2.0 	 48.6 	 1.525354496 
89371.5 	 6615 	 736 	 5879 	 2.0 	 48.6 	 1.525354496 
89367.5 	 4179 	 483 	 3696 	 5.8 	 48.6 	 1.525276672 
89371.5 	 5196 	 1266 	 3930 	 6.0 	 48.6 	 1.525276672 
89367.5 	 2585 	 638 	 1947 	 5.5 	 48.6 	 1.525526528 
89371.5 	 1607 	 426 	 1181 	 5.3 	 48.6 	 1.525526528 
92744.83333333333 	 4643 	 848 	 3795 	 5.0 	 48.6 	 1.525526528 
89371.5 	 5656 	 1695 	 3961 	 4.5 	 48.6 	 1.525526528 
89367.5 	 3651 	 283 	 3368 	 4.5 	 48.6 	 1.525526528 
89371.5 	 662 	 607 	 55 	 4.3 	 48.6 	 1.525526528 
92750.83333333333 	 2752 	 740 	 2012 	 5.3 	 48.7 	 1.525735424 
92750.83333333333 	 1786 	 511 	 1275 	 4.8 	 48.7 	 1.525735424 
89371.5 	 5156 	 555 	 4601 	 7.0 	 48.7 	 1.525809152 
92750.83333333333 	 6159 	 511 	 5648 	 7.0 	 48.7 	 1.525809152 
92744.83333333333 	 7171 	 520 	 6651 	 7.1 	 48.7 	 1.525809152 
89367.5 	 3976 	 487 	 3489 	 2.5 	 48.7 	 1.525776384 
92750.83333333333 	 4993 	 336 	 4657 	 2.5 	 48.7 	 1.525776384 
89367.5 	 3545 	 292 	 3253 	 4.0 	 48.7 	 1.525735424 
89367.5 	 4621 	 646 	 3975 	 4.0 	 48.7 	 1.525735424 
92750.83333333333 	 5933 	 511 	 5422 	 6.0 	 48.7 	 1.52590336 
92760.83333333333 	 4985 	 519 	 4466 	 6.7 	 48.7 	 1.52590336 
89371.5 	 7028 	 885 	 6143 	 6.8 	 48.7 	 1.52590336 
89367.5 	 4548 	 250 	 4298 	 4.5 	 48.7 	 1.525977088 
92750.83333333333 	 5589 	 1024 	 4565 	 4.3 	 48.7 	 1.525977088 
89371.5 	 6549 	 658 	 5891 	 11.1 	 48.7 	 1.528295424 
89371.5 	 9575 	 247 	 9328 	 13.6 	 48.7 	 1.528295424 
89367.5 	 7605 	 851 	 6754 	 14.1 	 48.7 	 1.528295424 
92744.83333333333 	 3616 	 610 	 3006 	 14.0 	 48.7 	 1.528295424 
92766.83333333333 	 10626 	 650 	 9976 	 13.8 	 48.7 	 1.528295424 
89367.5 	 8628 	 564 	 8064 	 13.6 	 48.7 	 1.528295424 
89367.5 	 4630 	 702 	 3928 	 13.4 	 48.7 	 1.528295424 
89371.5 	 5633 	 1639 	 3994 	 13.4 	 48.7 	 1.528295424 
89371.5 	 6013 	 854 	 5159 	 4.3 	 48.8 	 1.529024512 
89371.5 	 3017 	 589 	 2428 	 4.3 	 48.8 	 1.529024512 
89367.5 	 7049 	 344 	 6705 	 4.2 	 48.8 	 1.529024512 
92744.83333333333 	 4052 	 499 	 3553 	 3.7 	 48.8 	 1.529024512 
89371.5 	 5057 	 324 	 4733 	 3.8 	 48.8 	 1.529024512 
89371.5 	 4737 	 387 	 4350 	 5.3 	 48.8 	 1.52958976 
89367.5 	 5800 	 905 	 4895 	 4.8 	 48.8 	 1.52958976 
92744.83333333333 	 2973 	 707 	 2266 	 3.0 	 48.8 	 1.529499648 
89371.5 	 1969 	 555 	 1414 	 3.0 	 48.8 	 1.529499648 
89371.5 	 995 	 462 	 533 	 3.5 	 48.8 	 1.529499648 
92750.83333333333 	 4034 	 370 	 3664 	 3.3 	 48.8 	 1.529499648 
89371.5 	 34 	 234 	 -200 	 3.3 	 48.8 	 1.529499648 
89371.5 	 1045 	 1052 	 -7 	 3.7 	 48.8 	 1.529499648 
89371.5 	 6557 	 301 	 6256 	 4.0 	 48.8 	 1.529929728 
92744.83333333333 	 3559 	 284 	 3275 	 4.0 	 48.8 	 1.529929728 
89371.5 	 7559 	 596 	 6963 	 4.0 	 48.8 	 1.529929728 
92744.83333333333 	 5595 	 583 	 5012 	 4.0 	 48.8 	 1.529929728 
92744.83333333333 	 4616 	 540 	 4076 	 3.5 	 48.8 	 1.529929728 
92744.83333333333 	 3323 	 387 	 2936 	 5.6 	 48.8 	 1.529778176 
89367.5 	 4333 	 660 	 3673 	 3.8 	 48.8 	 1.529683968 
92744.83333333333 	 3340 	 320 	 3020 	 4.0 	 48.8 	 1.529683968 
92760.83333333333 	 7375 	 466 	 6909 	 3.8 	 48.8 	 1.529683968 
89367.5 	 6384 	 200 	 6184 	 3.7 	 48.8 	 1.529683968 
92760.83333333333 	 5406 	 291 	 5115 	 3.5 	 48.8 	 1.529683968 
92744.83333333333 	 8429 	 835 	 7594 	 3.3 	 48.8 	 1.529683968 
89367.5 	 3980 	 213 	 3767 	 2.5 	 48.8 	 1.529704448 
89367.5 	 7339 	 223 	 7116 	 3.8 	 48.8 	 1.529810944 
89371.5 	 5358 	 426 	 4932 	 4.0 	 48.8 	 1.529810944 
92760.83333333333 	 6390 	 200 	 6190 	 3.8 	 48.8 	 1.529810944 
92744.83333333333 	 4424 	 823 	 3601 	 3.8 	 48.8 	 1.529810944 
89371.5 	 5017 	 459 	 4558 	 4.5 	 48.8 	 1.52991744 
92744.83333333333 	 4022 	 207 	 3815 	 4.5 	 48.8 	 1.52991744 
89367.5 	 7345 	 512 	 6833 	 5.0 	 48.8 	 1.529868288 
89371.5 	 5365 	 340 	 5025 	 4.8 	 48.8 	 1.529868288 
89367.5 	 6371 	 216 	 6155 	 4.5 	 48.8 	 1.529868288 
89371.5 	 5943 	 215 	 5728 	 4.0 	 48.8 	 1.529823232 
89367.5 	 4947 	 381 	 4566 	 4.0 	 48.8 	 1.529823232 
92744.83333333333 	 446 	 233 	 213 	 3.8 	 48.8 	 1.529823232 
92756.83333333333 	 1745 	 234 	 1511 	 4.8 	 48.8 	 1.529839616 
89367.5 	 2810 	 327 	 2483 	 5.1 	 48.8 	 1.529831424 
92744.83333333333 	 1354 	 398 	 956 	 4.2 	 48.8 	 1.52981504 
89371.5 	 2367 	 379 	 1988 	 4.5 	 48.8 	 1.52981504 
89367.5 	 3384 	 356 	 3028 	 4.7 	 48.8 	 1.52981504 
92744.83333333333 	 11351 	 413 	 10938 	 9.0 	 48.9 	 1.531961344 
92744.83333333333 	 10364 	 314 	 10050 	 8.8 	 48.9 	 1.531961344 
92756.83333333333 	 7800 	 775 	 7025 	 6.5 	 48.9 	 1.53233408 
92744.83333333333 	 12821 	 789 	 12032 	 5.8 	 48.9 	 1.53233408 
89371.5 	 3814 	 303 	 3511 	 5.8 	 48.9 	 1.53233408 
92744.83333333333 	 4833 	 389 	 4444 	 5.8 	 48.9 	 1.53233408 
89371.5 	 5872 	 448 	 5424 	 5.0 	 48.9 	 1.53233408 
92744.83333333333 	 6875 	 416 	 6459 	 5.0 	 48.9 	 1.53233408 
89371.5 	 9887 	 421 	 9466 	 4.5 	 48.9 	 1.53233408 
92750.83333333333 	 8882 	 319 	 8563 	 4.5 	 48.9 	 1.53233408 
92750.83333333333 	 11893 	 444 	 11449 	 4.5 	 48.9 	 1.53233408 
89371.5 	 10891 	 374 	 10517 	 4.5 	 48.9 	 1.53233408 
92744.83333333333 	 4349 	 442 	 3907 	 3.5 	 48.9 	 1.532157952 
89371.5 	 6776 	 1323 	 5453 	 4.0 	 48.9 	 1.532403712 
92744.83333333333 	 4774 	 213 	 4561 	 4.0 	 48.9 	 1.532403712 
89367.5 	 7816 	 413 	 7403 	 4.0 	 48.9 	 1.532403712 
92750.83333333333 	 5823 	 996 	 4827 	 4.0 	 48.9 	 1.532403712 
89367.5 	 5377 	 579 	 4798 	 4.0 	 48.9 	 1.532338176 
89367.5 	 4423 	 608 	 3815 	 4.0 	 48.9 	 1.532338176 
92744.83333333333 	 12363 	 311 	 12052 	 5.0 	 48.9 	 1.533005824 
92744.83333333333 	 9371 	 366 	 9005 	 4.8 	 48.9 	 1.533005824 
92744.83333333333 	 8372 	 894 	 7478 	 5.0 	 48.9 	 1.533005824 
92744.83333333333 	 1783 	 530 	 1253 	 5.0 	 48.9 	 1.533005824 
89371.5 	 11394 	 924 	 10470 	 5.0 	 48.9 	 1.532981248 
89367.5 	 14405 	 1028 	 13377 	 5.3 	 48.9 	 1.533087744 
89371.5 	 13428 	 499 	 12929 	 5.3 	 48.9 	 1.533087744 
89367.5 	 861 	 218 	 643 	 5.2 	 48.9 	 1.533087744 
92750.83333333333 	 3871 	 367 	 3504 	 5.0 	 48.9 	 1.533087744 
89371.5 	 10458 	 406 	 10052 	 5.0 	 48.9 	 1.533087744 
92744.83333333333 	 2869 	 418 	 2451 	 5.0 	 48.9 	 1.533087744 
92750.83333333333 	 11311 	 912 	 10399 	 8.3 	 48.9 	 1.533038592 
89367.5 	 10379 	 380 	 9999 	 8.3 	 48.9 	 1.533038592 
92750.83333333333 	 10181 	 217 	 9964 	 4.3 	 48.9 	 1.533038592 
89367.5 	 13198 	 430 	 12768 	 4.3 	 48.9 	 1.533038592 
89367.5 	 7207 	 221 	 6986 	 4.3 	 48.9 	 1.533038592 
92744.83333333333 	 8213 	 426 	 7787 	 4.5 	 48.9 	 1.533038592 
92750.83333333333 	 12217 	 698 	 11519 	 4.3 	 48.9 	 1.533038592 
92750.83333333333 	 9218 	 296 	 8922 	 4.3 	 48.9 	 1.533038592 
89371.5 	 6219 	 246 	 5973 	 4.3 	 48.9 	 1.533038592 
89367.5 	 11247 	 435 	 10812 	 4.8 	 48.9 	 1.533038592 
89367.5 	 5244 	 695 	 4549 	 4.8 	 48.9 	 1.533038592 
89367.5 	 4269 	 339 	 3930 	 4.5 	 48.9 	 1.533038592 
92756.83333333333 	 3830 	 372 	 3458 	 4.0 	 48.9 	 1.532903424 
89371.5 	 4851 	 544 	 4307 	 4.2 	 48.9 	 1.532903424 
89371.5 	 6220 	 406 	 5814 	 6.7 	 49.1 	 1.540009984 
89371.5 	 7256 	 507 	 6749 	 7.0 	 49.1 	 1.540009984 
92750.83333333333 	 6775 	 1185 	 5590 	 4.8 	 49.1 	 1.540489216 
92756.83333333333 	 5834 	 1015 	 4819 	 5.0 	 49.1 	 1.540489216 
89371.5 	 4854 	 460 	 4394 	 4.5 	 49.1 	 1.540489216 
92744.83333333333 	 5784 	 1081 	 4703 	 4.0 	 49.1 	 1.54062848 
89367.5 	 10812 	 782 	 10030 	 4.2 	 49.1 	 1.54062848 
89371.5 	 4815 	 503 	 4312 	 4.0 	 49.1 	 1.54062848 
89371.5 	 3816 	 506 	 3310 	 4.0 	 49.1 	 1.54062848 
89367.5 	 6823 	 476 	 6347 	 4.0 	 49.1 	 1.54062848 
89367.5 	 7824 	 358 	 7466 	 4.0 	 49.1 	 1.54062848 
89371.5 	 9835 	 692 	 9143 	 4.0 	 49.1 	 1.54062848 
92756.83333333333 	 8858 	 520 	 8338 	 4.0 	 49.1 	 1.54062848 
89371.5 	 4177 	 303 	 3874 	 4.6 	 49.1 	 1.541103616 
92750.83333333333 	 1185 	 223 	 962 	 5.3 	 49.1 	 1.541103616 
89371.5 	 3201 	 212 	 2989 	 5.6 	 49.1 	 1.541103616 
89367.5 	 11793 	 421 	 11372 	 5.6 	 49.1 	 1.541103616 
89371.5 	 5211 	 211 	 5000 	 5.5 	 49.1 	 1.541103616 
92744.83333333333 	 6231 	 211 	 6020 	 5.8 	 49.1 	 1.541103616 
92744.83333333333 	 7237 	 216 	 7021 	 5.8 	 49.1 	 1.541103616 
92756.83333333333 	 2249 	 382 	 1867 	 5.8 	 49.1 	 1.541103616 
89367.5 	 11283 	 370 	 10913 	 8.4 	 49.1 	 1.541148672 
89371.5 	 10355 	 391 	 9964 	 8.3 	 49.1 	 1.54118144 
89371.5 	 12574 	 203 	 12371 	 5.8 	 49.2 	 1.541435392 
92750.83333333333 	 10569 	 463 	 10106 	 5.7 	 49.2 	 1.541435392 
89371.5 	 6568 	 437 	 6131 	 5.5 	 49.2 	 1.541435392 
89371.5 	 11578 	 216 	 11362 	 5.7 	 49.2 	 1.541435392 
92744.83333333333 	 4569 	 230 	 4339 	 5.7 	 49.2 	 1.541435392 
89367.5 	 9576 	 215 	 9361 	 5.8 	 49.2 	 1.541435392 
92750.83333333333 	 7579 	 342 	 7237 	 5.7 	 49.2 	 1.541435392 
92744.83333333333 	 5674 	 208 	 5466 	 5.5 	 49.2 	 1.541435392 
92750.83333333333 	 13669 	 368 	 13301 	 5.7 	 49.2 	 1.541435392 
89367.5 	 8680 	 309 	 8371 	 5.7 	 49.2 	 1.541435392 
89371.5 	 5263 	 226 	 5037 	 4.5 	 49.1 	 1.541267456 
89371.5 	 5588 	 198 	 5390 	 5.0 	 49.1 	 1.541341184 
89367.5 	 7596 	 215 	 7381 	 4.8 	 49.1 	 1.541341184 
92750.83333333333 	 6600 	 237 	 6363 	 5.0 	 49.1 	 1.541341184 
92744.83333333333 	 8629 	 1012 	 7617 	 5.3 	 49.1 	 1.541341184 
89371.5 	 4215 	 236 	 3979 	 5.5 	 49.1 	 1.54126336 
92744.83333333333 	 5238 	 221 	 5017 	 5.7 	 49.1 	 1.54126336 
92756.83333333333 	 6249 	 414 	 5835 	 5.2 	 49.1 	 1.54126336 
89367.5 	 10180 	 222 	 9958 	 5.5 	 49.3 	 1.546817536 
89371.5 	 2613 	 264 	 2349 	 5.5 	 49.3 	 1.546817536 
89371.5 	 8194 	 238 	 7956 	 5.5 	 49.3 	 1.546817536 
89371.5 	 3620 	 697 	 2923 	 5.8 	 49.3 	 1.546817536 
89371.5 	 12211 	 216 	 11995 	 5.5 	 49.3 	 1.546817536 
89371.5 	 13214 	 209 	 13005 	 5.5 	 49.3 	 1.546817536 
89367.5 	 9216 	 379 	 8837 	 5.5 	 49.3 	 1.546817536 
89367.5 	 1680 	 220 	 1460 	 5.5 	 49.3 	 1.546817536 
92744.83333333333 	 11262 	 218 	 11044 	 5.5 	 49.3 	 1.546817536 
92750.83333333333 	 681 	 211 	 470 	 5.0 	 49.3 	 1.546817536 
89367.5 	 2728 	 219 	 2509 	 4.8 	 49.3 	 1.546788864 
89371.5 	 1782 	 235 	 1547 	 5.0 	 49.3 	 1.546801152 
92750.83333333333 	 2612 	 210 	 2402 	 4.8 	 49.3 	 1.546776576 
92744.83333333333 	 3601 	 224 	 3377 	 4.5 	 49.3 	 1.546776576 
89367.5 	 1607 	 216 	 1391 	 4.5 	 49.3 	 1.546776576 
92744.83333333333 	 6309 	 219 	 6090 	 3.8 	 49.3 	 1.546768384 
89371.5 	 4312 	 267 	 4045 	 3.8 	 49.3 	 1.546768384 
89371.5 	 5357 	 202 	 5155 	 4.0 	 49.3 	 1.546739712 
89371.5 	 2640 	 216 	 2424 	 3.0 	 49.3 	 1.546715136 
89367.5 	 3647 	 200 	 3447 	 2.8 	 49.3 	 1.546715136 
92744.83333333333 	 5492 	 733 	 4759 	 5.0 	 49.3 	 1.546891264 
92744.83333333333 	 6595 	 215 	 6380 	 5.0 	 49.3 	 1.546891264 
92744.83333333333 	 4653 	 466 	 4187 	 7.0 	 49.3 	 1.546989568 
89367.5 	 5654 	 224 	 5430 	 7.0 	 49.3 	 1.546989568 
92750.83333333333 	 10594 	 943 	 9651 	 5.3 	 49.3 	 1.547280384 
92744.83333333333 	 4619 	 491 	 4128 	 5.3 	 49.3 	 1.547280384 
89371.5 	 7625 	 344 	 7281 	 5.0 	 49.3 	 1.547280384 
92756.83333333333 	 5640 	 511 	 5129 	 5.0 	 49.3 	 1.547280384 
92750.83333333333 	 6682 	 402 	 6280 	 3.8 	 49.3 	 1.547280384 
89371.5 	 8686 	 280 	 8406 	 3.8 	 49.3 	 1.547280384 
89371.5 	 3687 	 502 	 3185 	 3.5 	 49.3 	 1.547280384 
92772.83333333333 	 9691 	 439 	 9252 	 3.5 	 49.3 	 1.547280384 
89371.5 	 4033 	 253 	 3780 	 5.0 	 49.3 	 1.547259904 
92744.83333333333 	 5048 	 332 	 4716 	 5.0 	 49.3 	 1.547259904 
92750.83333333333 	 3054 	 407 	 2647 	 5.0 	 49.3 	 1.547259904 
92744.83333333333 	 6077 	 409 	 5668 	 4.7 	 49.3 	 1.547259904 
92744.83333333333 	 7069 	 1084 	 5985 	 4.5 	 49.3 	 1.547259904 
89367.5 	 9295 	 535 	 8760 	 4.3 	 49.3 	 1.547485184 
89371.5 	 4705 	 237 	 4468 	 4.3 	 49.3 	 1.547485184 
89371.5 	 3986 	 267 	 3719 	 3.3 	 49.3 	 1.547423744 
89371.5 	 1997 	 370 	 1627 	 3.2 	 49.3 	 1.547423744 
92744.83333333333 	 1 	 355 	 -354 	 3.0 	 49.3 	 1.547423744 
92750.83333333333 	 3026 	 236 	 2790 	 3.3 	 49.3 	 1.547423744 
92744.83333333333 	 1035 	 229 	 806 	 3.3 	 49.3 	 1.547423744 
92744.83333333333 	 923 	 246 	 677 	 3.5 	 49.3 	 1.547423744 
92744.83333333333 	 980 	 370 	 610 	 4.5 	 49.3 	 1.547313152 
89367.5 	 7602 	 487 	 7115 	 4.0 	 49.3 	 1.547313152 
89367.5 	 5603 	 362 	 5241 	 4.0 	 49.3 	 1.547313152 
92744.83333333333 	 6671 	 464 	 6207 	 3.3 	 49.3 	 1.547313152 
92744.83333333333 	 3680 	 261 	 3419 	 3.0 	 49.3 	 1.547313152 
92756.83333333333 	 3404 	 233 	 3171 	 3.5 	 49.3 	 1.547362304 
92744.83333333333 	 4022 	 340 	 3682 	 3.5 	 49.3 	 1.547370496 
92744.83333333333 	 5505 	 409 	 5096 	 3.5 	 49.4 	 1.550118912 
89371.5 	 7502 	 506 	 6996 	 3.5 	 49.4 	 1.550118912 
89371.5 	 4507 	 396 	 4111 	 3.3 	 49.4 	 1.550118912 
92750.83333333333 	 6509 	 309 	 6200 	 3.5 	 49.4 	 1.550118912 
89371.5 	 3510 	 228 	 3282 	 3.3 	 49.4 	 1.550118912 
92750.83333333333 	 4000 	 558 	 3442 	 3.5 	 49.4 	 1.550184448 
92744.83333333333 	 5394 	 239 	 5155 	 4.2 	 49.4 	 1.550475264 
92744.83333333333 	 7412 	 493 	 6919 	 4.2 	 49.4 	 1.550475264 
89371.5 	 6441 	 328 	 6113 	 3.8 	 49.4 	 1.550475264 
89371.5 	 4444 	 212 	 4232 	 3.8 	 49.4 	 1.550475264 
92750.83333333333 	 4974 	 246 	 4728 	 4.3 	 49.4 	 1.550405632 
89371.5 	 3991 	 210 	 3781 	 4.3 	 49.4 	 1.550405632 
92750.83333333333 	 7395 	 242 	 7153 	 4.3 	 49.4 	 1.550573568 
92744.83333333333 	 6403 	 297 	 6106 	 4.3 	 49.4 	 1.550573568 
92744.83333333333 	 5409 	 242 	 5167 	 4.8 	 49.4 	 1.550573568 
89371.5 	 3999 	 236 	 3763 	 7.0 	 49.4 	 1.550516224 
89367.5 	 5066 	 228 	 4838 	 6.8 	 49.4 	 1.550516224 
89371.5 	 6074 	 234 	 5840 	 6.8 	 49.4 	 1.550516224 
89371.5 	 2688 	 372 	 2316 	 5.3 	 49.4 	 1.55045888 
89371.5 	 1408 	 251 	 1157 	 3.8 	 49.5 	 1.55092992 
92750.83333333333 	 2470 	 256 	 2214 	 3.5 	 49.5 	 1.55092992 
92744.83333333333 	 4466 	 636 	 3830 	 3.5 	 49.5 	 1.55092992 
89367.5 	 3478 	 371 	 3107 	 3.8 	 49.5 	 1.55092992 
89367.5 	 10278 	 303 	 9975 	 8.0 	 49.5 	 1.551065088 
89371.5 	 9295 	 236 	 9059 	 8.3 	 49.5 	 1.551187968 
92744.83333333333 	 11329 	 379 	 10950 	 27.0 	 49.5 	 1.551183872 
89371.5 	 11803 	 897 	 10906 	 5.0 	 49.5 	 1.551142912 
89371.5 	 5852 	 210 	 5642 	 4.5 	 49.5 	 1.551142912 
89371.5 	 4850 	 351 	 4499 	 4.5 	 49.5 	 1.551142912 
89367.5 	 7872 	 239 	 7633 	 4.3 	 49.5 	 1.551142912 
92744.83333333333 	 9877 	 245 	 9632 	 4.0 	 49.5 	 1.551142912 
92750.83333333333 	 8900 	 228 	 8672 	 3.8 	 49.5 	 1.551142912 
92750.83333333333 	 6903 	 242 	 6661 	 3.8 	 49.5 	 1.551142912 
89367.5 	 10910 	 242 	 10668 	 3.8 	 49.5 	 1.551142912 
89367.5 	 5453 	 354 	 5099 	 3.8 	 49.5 	 1.551167488 
92744.83333333333 	 4460 	 307 	 4153 	 3.8 	 49.5 	 1.551167488 
89371.5 	 6812 	 434 	 6378 	 6.3 	 49.5 	 1.551446016 
92744.83333333333 	 7807 	 387 	 7420 	 6.5 	 49.5 	 1.551446016 
92744.83333333333 	 4831 	 258 	 4573 	 7.1 	 49.5 	 1.551446016 
92744.83333333333 	 5886 	 359 	 5527 	 7.5 	 49.5 	 1.551446016 
89371.5 	 4474 	 368 	 4106 	 4.0 	 49.5 	 1.551519744 
89367.5 	 5492 	 367 	 5125 	 4.0 	 49.5 	 1.551519744 
92750.83333333333 	 9410 	 241 	 9169 	 5.0 	 49.5 	 1.55170816 
92744.83333333333 	 8433 	 245 	 8188 	 5.0 	 49.5 	 1.55170816 
89371.5 	 7461 	 255 	 7206 	 4.5 	 49.5 	 1.55170816 
89367.5 	 10470 	 734 	 9736 	 3.8 	 49.5 	 1.55170816 
92760.83333333333 	 3475 	 251 	 3224 	 3.5 	 49.5 	 1.55170816 
89367.5 	 5486 	 421 	 5065 	 3.5 	 49.5 	 1.55170816 
89367.5 	 4484 	 376 	 4108 	 3.5 	 49.5 	 1.55170816 
89367.5 	 6487 	 470 	 6017 	 3.5 	 49.5 	 1.55170816 
89371.5 	 7833 	 211 	 7622 	 4.3 	 49.5 	 1.553862656 
89371.5 	 6838 	 222 	 6616 	 4.0 	 49.5 	 1.553862656 
92750.83333333333 	 1869 	 495 	 1374 	 4.3 	 49.5 	 1.553862656 
89367.5 	 2886 	 595 	 2291 	 4.3 	 49.5 	 1.553862656 
89367.5 	 3892 	 574 	 3318 	 4.0 	 49.5 	 1.553862656 
89371.5 	 5896 	 373 	 5523 	 4.3 	 49.5 	 1.553862656 
89371.5 	 4911 	 216 	 4695 	 4.0 	 49.5 	 1.553862656 
92744.83333333333 	 907 	 446 	 461 	 4.3 	 49.5 	 1.553862656 
89367.5 	 10269 	 422 	 9847 	 8.4 	 49.6 	 1.554972672 
92750.83333333333 	 11306 	 554 	 10752 	 8.6 	 49.6 	 1.554972672 
89371.5 	 5202 	 230 	 4972 	 3.5 	 49.6 	 1.554944 
92750.83333333333 	 13222 	 213 	 13009 	 3.5 	 49.6 	 1.554944 
89367.5 	 8232 	 267 	 7965 	 3.8 	 49.6 	 1.554944 
89371.5 	 7249 	 239 	 7010 	 3.8 	 49.6 	 1.554944 
92744.83333333333 	 12253 	 553 	 11700 	 3.8 	 49.6 	 1.554944 
89371.5 	 10283 	 328 	 9955 	 3.5 	 49.6 	 1.554944 
89371.5 	 4292 	 221 	 4071 	 3.3 	 49.6 	 1.554792448 
89371.5 	 6306 	 325 	 5981 	 3.0 	 49.6 	 1.554792448 
89371.5 	 11316 	 312 	 11004 	 2.8 	 49.6 	 1.554792448 
89367.5 	 9317 	 238 	 9079 	 2.8 	 49.6 	 1.554792448 
89371.5 	 3899 	 232 	 3667 	 4.5 	 49.6 	 1.554776064 
89367.5 	 4908 	 199 	 4709 	 4.5 	 49.6 	 1.554776064 
92756.83333333333 	 5226 	 220 	 5006 	 2.5 	 49.6 	 1.554784256 
92744.83333333333 	 6280 	 211 	 6069 	 2.3 	 49.6 	 1.554784256 
92750.83333333333 	 7283 	 312 	 6971 	 2.3 	 49.6 	 1.554784256 
92750.83333333333 	 4858 	 219 	 4639 	 2.0 	 49.6 	 1.554694144 
92760.83333333333 	 5867 	 307 	 5560 	 2.0 	 49.6 	 1.554694144 
89371.5 	 3898 	 408 	 3490 	 1.8 	 49.6 	 1.554694144 
92744.83333333333 	 6236 	 222 	 6014 	 5.0 	 49.6 	 1.55500544 
92744.83333333333 	 12825 	 441 	 12384 	 5.3 	 49.6 	 1.55500544 
89367.5 	 13823 	 216 	 13607 	 5.3 	 49.6 	 1.55500544 
92744.83333333333 	 11811 	 591 	 11220 	 5.7 	 49.6 	 1.55500544 
92750.83333333333 	 2251 	 399 	 1852 	 5.8 	 49.6 	 1.55500544 
92744.83333333333 	 4257 	 451 	 3806 	 6.0 	 49.6 	 1.55500544 
89371.5 	 1254 	 511 	 743 	 6.0 	 49.6 	 1.55500544 
92744.83333333333 	 10858 	 204 	 10654 	 6.5 	 49.6 	 1.55500544 
92744.83333333333 	 5281 	 624 	 4657 	 6.8 	 49.6 	 1.55500544 
92760.83333333333 	 3301 	 483 	 2818 	 6.8 	 49.6 	 1.55500544 
89371.5 	 10290 	 427 	 9863 	 9.0 	 49.8 	 1.5609856 
89367.5 	 11303 	 372 	 10931 	 8.7 	 49.8 	 1.5609856 
89371.5 	 9307 	 218 	 9089 	 8.3 	 49.8 	 1.5609856 
89371.5 	 11605 	 219 	 11386 	 5.8 	 49.8 	 1.561202688 
92744.83333333333 	 4609 	 479 	 4130 	 6.0 	 49.8 	 1.561202688 
92756.83333333333 	 9614 	 652 	 8962 	 6.0 	 49.8 	 1.561202688 
89367.5 	 12616 	 248 	 12368 	 5.8 	 49.8 	 1.561202688 
89371.5 	 6648 	 206 	 6442 	 5.8 	 49.8 	 1.561202688 
92744.83333333333 	 10652 	 767 	 9885 	 5.8 	 49.8 	 1.561202688 
92760.83333333333 	 5661 	 444 	 5217 	 5.8 	 49.8 	 1.561202688 
92744.83333333333 	 8667 	 739 	 7928 	 5.6 	 49.8 	 1.561202688 
89371.5 	 7681 	 356 	 7325 	 5.5 	 49.8 	 1.561202688 
89371.5 	 5231 	 589 	 4642 	 4.0 	 49.8 	 1.561042944 
89367.5 	 4258 	 211 	 4047 	 4.0 	 49.8 	 1.561042944 
92744.83333333333 	 6603 	 328 	 6275 	 8.6 	 49.8 	 1.561264128 
89367.5 	 5702 	 238 	 5464 	 7.0 	 49.8 	 1.561264128 
89367.5 	 7712 	 228 	 7484 	 6.8 	 49.8 	 1.561264128 
92744.83333333333 	 6223 	 335 	 5888 	 1.8 	 49.8 	 1.56125184 
89367.5 	 5308 	 320 	 4988 	 2.0 	 49.8 	 1.561243648 
89371.5 	 4309 	 397 	 3912 	 2.0 	 49.8 	 1.561243648 
89367.5 	 9229 	 265 	 8964 	 5.8 	 49.8 	 1.561554944 
89371.5 	 4245 	 212 	 4033 	 5.5 	 49.8 	 1.561554944 
89367.5 	 5278 	 540 	 4738 	 5.0 	 49.8 	 1.561554944 
89371.5 	 10287 	 227 	 10060 	 4.8 	 49.8 	 1.561554944 
89367.5 	 8289 	 297 	 7992 	 5.0 	 49.8 	 1.561554944 
89367.5 	 6295 	 220 	 6075 	 5.0 	 49.8 	 1.561554944 
89371.5 	 7306 	 222 	 7084 	 4.8 	 49.8 	 1.561554944 
92744.83333333333 	 5657 	 875 	 4782 	 2.5 	 49.8 	 1.561452544 
89371.5 	 2675 	 217 	 2458 	 1.5 	 49.8 	 1.561452544 
92756.83333333333 	 320 	 332 	 -12 	 1.8 	 49.8 	 1.561452544 
89371.5 	 4681 	 708 	 3973 	 1.8 	 49.8 	 1.561452544 
92744.83333333333 	 1322 	 209 	 1113 	 1.8 	 49.8 	 1.561452544 
89371.5 	 3744 	 309 	 3435 	 1.5 	 49.8 	 1.561411584 
92744.83333333333 	 1769 	 547 	 1222 	 1.7 	 49.8 	 1.561411584 
89367.5 	 778 	 353 	 425 	 1.5 	 49.8 	 1.561411584 
89367.5 	 6232 	 228 	 6004 	 4.5 	 49.8 	 1.561350144 
92744.83333333333 	 5229 	 506 	 4723 	 4.8 	 49.8 	 1.561350144 
92744.83333333333 	 3248 	 267 	 2981 	 5.3 	 49.8 	 1.561350144 
89371.5 	 7250 	 1043 	 6207 	 5.5 	 49.8 	 1.561350144 
89367.5 	 4316 	 262 	 4054 	 5.3 	 49.8 	 1.561350144 
92750.83333333333 	 3030 	 345 	 2685 	 3.2 	 49.8 	 1.561522176 
89371.5 	 3680 	 239 	 3441 	 3.0 	 49.8 	 1.561628672 
92744.83333333333 	 6035 	 215 	 5820 	 3.8 	 49.8 	 1.56164096 
89367.5 	 7120 	 335 	 6785 	 3.8 	 49.8 	 1.56164096 
92750.83333333333 	 3128 	 252 	 2876 	 3.5 	 49.8 	 1.56164096 
89367.5 	 4135 	 277 	 3858 	 3.5 	 49.8 	 1.56164096 
89367.5 	 5140 	 256 	 4884 	 3.5 	 49.8 	 1.56164096 
89371.5 	 3678 	 220 	 3458 	 2.5 	 49.8 	 1.5617024 
89371.5 	 5016 	 448 	 4568 	 3.3 	 49.8 	 1.561718784 
89367.5 	 6024 	 233 	 5791 	 3.3 	 49.8 	 1.561718784 
89371.5 	 7030 	 323 	 6707 	 3.3 	 49.8 	 1.561718784 
89367.5 	 4061 	 841 	 3220 	 3.3 	 49.8 	 1.561718784 
89371.5 	 3634 	 226 	 3408 	 3.3 	 49.8 	 1.561616384 
89367.5 	 4667 	 513 	 4154 	 3.5 	 49.8 	 1.561616384 
89367.5 	 6207 	 391 	 5816 	 11.0 	 50.0 	 1.56821504 
89371.5 	 7211 	 214 	 6997 	 10.7 	 50.0 	 1.56821504 
92744.83333333333 	 5209 	 225 	 4984 	 10.7 	 50.0 	 1.56821504 
89371.5 	 4675 	 233 	 4442 	 5.0 	 50.0 	 1.56868608 
92750.83333333333 	 5683 	 413 	 5270 	 4.8 	 50.0 	 1.56868608 
92750.83333333333 	 2661 	 237 	 2424 	 4.5 	 50.0 	 1.569026048 
92744.83333333333 	 3712 	 366 	 3346 	 5.0 	 50.0 	 1.569026048 
92744.83333333333 	 4109 	 552 	 3557 	 5.5 	 50.0 	 1.569124352 
92750.83333333333 	 1125 	 362 	 763 	 5.2 	 50.0 	 1.569124352 
92756.83333333333 	 3132 	 249 	 2883 	 5.0 	 50.0 	 1.569124352 
92744.83333333333 	 2139 	 681 	 1458 	 5.0 	 50.0 	 1.569124352 
92744.83333333333 	 10221 	 466 	 9755 	 8.6 	 50.0 	 1.569488896 
89371.5 	 11260 	 229 	 11031 	 7.8 	 50.0 	 1.569488896 
92744.83333333333 	 13442 	 335 	 13107 	 5.2 	 50.1 	 1.569755136 
92744.83333333333 	 6457 	 210 	 6247 	 5.5 	 50.1 	 1.569755136 
92750.83333333333 	 7462 	 207 	 7255 	 5.3 	 50.1 	 1.569755136 
89371.5 	 5462 	 346 	 5116 	 5.3 	 50.1 	 1.569755136 
89367.5 	 11473 	 984 	 10489 	 5.5 	 50.1 	 1.569755136 
92744.83333333333 	 10485 	 288 	 10197 	 5.3 	 50.1 	 1.569755136 
89367.5 	 4487 	 223 	 4264 	 5.5 	 50.1 	 1.569755136 
89371.5 	 9499 	 444 	 9055 	 5.3 	 50.1 	 1.569755136 
89371.5 	 12518 	 271 	 12247 	 5.3 	 50.1 	 1.569755136 
92744.83333333333 	 8525 	 362 	 8163 	 5.3 	 50.1 	 1.569755136 
92744.83333333333 	 4033 	 236 	 3797 	 4.7 	 50.1 	 1.569603584 
89371.5 	 5120 	 215 	 4905 	 4.7 	 50.1 	 1.569603584 
89371.5 	 5487 	 381 	 5106 	 5.2 	 50.1 	 1.570648064 
92744.83333333333 	 7574 	 211 	 7363 	 4.5 	 50.1 	 1.570648064 
89371.5 	 6588 	 380 	 6208 	 4.7 	 50.1 	 1.570648064 
89371.5 	 4213 	 353 	 3860 	 3.8 	 50.1 	 1.572122624 
89371.5 	 5233 	 214 	 5019 	 3.8 	 50.1 	 1.572122624 
92744.83333333333 	 6251 	 338 	 5913 	 3.3 	 50.1 	 1.572122624 
92750.83333333333 	 10253 	 310 	 9943 	 5.7 	 50.2 	 1.572999168 
92744.83333333333 	 8251 	 233 	 8018 	 5.7 	 50.2 	 1.572999168 
89367.5 	 6255 	 630 	 5625 	 5.5 	 50.2 	 1.572999168 
89371.5 	 7300 	 225 	 7075 	 6.2 	 50.2 	 1.572995072 
89371.5 	 11305 	 503 	 10802 	 6.2 	 50.2 	 1.572995072 
89371.5 	 1727 	 451 	 1276 	 6.2 	 50.2 	 1.572995072 
92750.83333333333 	 9347 	 226 	 9121 	 6.0 	 50.2 	 1.572900864 
89371.5 	 2605 	 293 	 2312 	 4.0 	 50.2 	 1.574129664 
89367.5 	 605 	 392 	 213 	 4.0 	 50.2 	 1.574129664 
92744.83333333333 	 1614 	 777 	 837 	 4.0 	 50.2 	 1.574129664 
92744.83333333333 	 2727 	 332 	 2395 	 53.4 	 50.2 	 1.574268928 
89367.5 	 1739 	 430 	 1309 	 53.5 	 50.2 	 1.574268928 
89367.5 	 3521 	 301 	 3220 	 4.3 	 50.2 	 1.575141376 
89371.5 	 1536 	 510 	 1026 	 4.8 	 50.2 	 1.575141376 
92744.83333333333 	 2570 	 265 	 2305 	 4.5 	 50.2 	 1.575141376 
89367.5 	 4272 	 213 	 4059 	 6.0 	 50.3 	 1.576214528 
89371.5 	 6317 	 754 	 5563 	 5.2 	 50.3 	 1.576198144 
92756.83333333333 	 5312 	 346 	 4966 	 5.2 	 50.3 	 1.576198144 
92744.83333333333 	 2486 	 413 	 2073 	 3.5 	 50.3 	 1.576198144 
92756.83333333333 	 3498 	 262 	 3236 	 3.2 	 50.3 	 1.576198144 
89371.5 	 5875 	 431 	 5444 	 4.7 	 50.3 	 1.575907328 
92744.83333333333 	 4937 	 225 	 4712 	 5.5 	 50.3 	 1.575907328 
92750.83333333333 	 4515 	 305 	 4210 	 5.0 	 50.3 	 1.57589504 
92744.83333333333 	 5542 	 213 	 5329 	 5.0 	 50.3 	 1.57589504 
89371.5 	 8470 	 231 	 8239 	 7.5 	 50.3 	 1.57693952 
89371.5 	 4476 	 613 	 3863 	 7.3 	 50.3 	 1.57693952 
89367.5 	 7479 	 231 	 7248 	 7.3 	 50.3 	 1.57693952 
89371.5 	 9483 	 324 	 9159 	 7.5 	 50.3 	 1.57693952 
89371.5 	 10574 	 460 	 10114 	 5.8 	 50.3 	 1.57693952 
89367.5 	 5580 	 327 	 5253 	 5.5 	 50.3 	 1.57693952 
89367.5 	 6582 	 224 	 6358 	 5.5 	 50.3 	 1.57693952 
92744.83333333333 	 7861 	 1314 	 6547 	 3.2 	 50.3 	 1.577156608 
89371.5 	 3861 	 326 	 3535 	 3.2 	 50.3 	 1.577156608 
92750.83333333333 	 6865 	 226 	 6639 	 3.0 	 50.3 	 1.577156608 
92756.83333333333 	 2866 	 394 	 2472 	 2.7 	 50.3 	 1.577156608 
89367.5 	 4929 	 382 	 4547 	 3.3 	 50.3 	 1.577156608 
92744.83333333333 	 5940 	 364 	 5576 	 3.5 	 50.3 	 1.577156608 
92750.83333333333 	 4646 	 367 	 4279 	 5.8 	 50.3 	 1.577340928 
89367.5 	 3685 	 429 	 3256 	 5.3 	 50.3 	 1.577340928 
89371.5 	 1691 	 228 	 1463 	 5.3 	 50.3 	 1.577340928 
89371.5 	 9279 	 290 	 8989 	 5.3 	 50.3 	 1.577340928 
92744.83333333333 	 2706 	 428 	 2278 	 5.7 	 50.3 	 1.577467904 
89367.5 	 2288 	 228 	 2060 	 7.9 	 50.3 	 1.577517056 
92744.83333333333 	 1299 	 342 	 957 	 7.9 	 50.3 	 1.577517056 
89367.5 	 3308 	 322 	 2986 	 7.6 	 50.3 	 1.577517056 
89371.5 	 11269 	 389 	 10880 	 3.5 	 50.3 	 1.578029056 
89371.5 	 8279 	 275 	 8004 	 3.5 	 50.3 	 1.57804544 
89371.5 	 3279 	 407 	 2872 	 3.5 	 50.3 	 1.57804544 
89367.5 	 2283 	 355 	 1928 	 3.3 	 50.3 	 1.57804544 
89371.5 	 9285 	 347 	 8938 	 3.5 	 50.3 	 1.57804544 
92744.83333333333 	 4296 	 230 	 4066 	 3.5 	 50.3 	 1.578000384 
89371.5 	 5302 	 277 	 5025 	 3.8 	 50.3 	 1.577996288 
92744.83333333333 	 6309 	 1067 	 5242 	 3.8 	 50.3 	 1.577996288 
89371.5 	 10315 	 345 	 9970 	 4.0 	 50.3 	 1.577975808 
92744.83333333333 	 7312 	 519 	 6793 	 4.0 	 50.3 	 1.577975808 
92756.83333333333 	 4270 	 303 	 3967 	 4.0 	 50.3 	 1.577918464 
92750.83333333333 	 5286 	 292 	 4994 	 3.8 	 50.3 	 1.577906176 
92744.83333333333 	 4848 	 331 	 4517 	 2.0 	 50.3 	 1.578283008 
92756.83333333333 	 3857 	 487 	 3370 	 2.3 	 50.3 	 1.578283008 
89367.5 	 5262 	 436 	 4826 	 5.0 	 50.3 	 1.578614784 
89371.5 	 6320 	 224 	 6096 	 5.3 	 50.3 	 1.5785984 
89371.5 	 7341 	 322 	 7019 	 5.0 	 50.3 	 1.5785984 
89371.5 	 4868 	 244 	 4624 	 3.0 	 50.3 	 1.578917888 
92750.83333333333 	 3912 	 331 	 3581 	 3.0 	 50.3 	 1.578917888 
89371.5 	 5957 	 278 	 5679 	 3.3 	 50.3 	 1.578917888 
89371.5 	 2277 	 276 	 2001 	 3.5 	 50.6 	 1.585410048 
92744.83333333333 	 312 	 316 	 -4 	 3.7 	 50.6 	 1.585410048 
89371.5 	 8886 	 693 	 8193 	 3.2 	 50.6 	 1.585410048 
89367.5 	 12866 	 226 	 12640 	 3.2 	 50.6 	 1.585410048 
89367.5 	 10894 	 384 	 10510 	 3.7 	 50.6 	 1.585410048 
89371.5 	 7867 	 245 	 7622 	 3.5 	 50.6 	 1.585410048 
89371.5 	 3286 	 216 	 3070 	 3.0 	 50.6 	 1.585410048 
92744.83333333333 	 11898 	 248 	 11650 	 3.7 	 50.6 	 1.585410048 
92744.83333333333 	 9859 	 679 	 9180 	 3.5 	 50.6 	 1.585410048 
89367.5 	 1315 	 355 	 960 	 4.4 	 50.6 	 1.585410048 
89371.5 	 2698 	 403 	 2295 	 5.5 	 50.6 	 1.585426432 
89371.5 	 3286 	 323 	 2963 	 4.3 	 50.6 	 1.585299456 
89371.5 	 1295 	 482 	 813 	 4.3 	 50.6 	 1.585299456 
92756.83333333333 	 4307 	 267 	 4040 	 4.0 	 50.6 	 1.585299456 
92744.83333333333 	 2350 	 441 	 1909 	 5.0 	 50.6 	 1.585299456 
89371.5 	 6195 	 316 	 5879 	 5.2 	 50.6 	 1.585266688 
92772.83333333333 	 5201 	 212 	 4989 	 5.0 	 50.6 	 1.585266688 
89371.5 	 3295 	 370 	 2925 	 4.7 	 50.6 	 1.585266688 
92744.83333333333 	 4357 	 406 	 3951 	 4.5 	 50.5 	 1.585238016 
89367.5 	 6662 	 805 	 5857 	 5.7 	 50.6 	 1.585496064 
89371.5 	 5691 	 361 	 5330 	 4.7 	 50.6 	 1.585496064 
92756.83333333333 	 4755 	 329 	 4426 	 5.0 	 50.6 	 1.585496064 
89371.5 	 5283 	 221 	 5062 	 4.7 	 50.6 	 1.58558208 
89367.5 	 4334 	 341 	 3993 	 4.5 	 50.6 	 1.585594368 
89367.5 	 6269 	 224 	 6045 	 4.5 	 50.6 	 1.58578688 
92750.83333333333 	 4277 	 687 	 3590 	 4.3 	 50.6 	 1.58580736 
92744.83333333333 	 3309 	 221 	 3088 	 4.5 	 50.6 	 1.585762304 
89367.5 	 9325 	 232 	 9093 	 4.0 	 50.6 	 1.585762304 
92744.83333333333 	 7331 	 220 	 7111 	 4.0 	 50.6 	 1.585762304 
92744.83333333333 	 8342 	 415 	 7927 	 3.8 	 50.6 	 1.585762304 
89371.5 	 5343 	 203 	 5140 	 3.8 	 50.6 	 1.585762304 
89371.5 	 10362 	 646 	 9716 	 3.8 	 50.6 	 1.585762304 
92744.83333333333 	 4634 	 342 	 4292 	 2.5 	 50.6 	 1.58568448 
92750.83333333333 	 2642 	 226 	 2416 	 2.5 	 50.6 	 1.58568448 
92750.83333333333 	 5655 	 212 	 5443 	 2.5 	 50.6 	 1.58568448 
92744.83333333333 	 3688 	 213 	 3475 	 2.5 	 50.6 	 1.58568448 
92744.83333333333 	 6691 	 220 	 6471 	 2.5 	 50.6 	 1.58568448 
89371.5 	 11266 	 521 	 10745 	 5.7 	 50.6 	 1.585922048 
89371.5 	 2693 	 217 	 2476 	 5.7 	 50.6 	 1.585922048 
92744.83333333333 	 5695 	 205 	 5490 	 5.7 	 50.6 	 1.585922048 
89371.5 	 6719 	 368 	 6351 	 5.8 	 50.6 	 1.586212864 
92744.83333333333 	 1728 	 202 	 1526 	 5.5 	 50.6 	 1.586212864 
89371.5 	 3726 	 213 	 3513 	 5.5 	 50.6 	 1.586212864 
92750.83333333333 	 4756 	 198 	 4558 	 6.2 	 50.6 	 1.586212864 
89367.5 	 10319 	 256 	 10063 	 13.0 	 50.7 	 1.590829056 
92744.83333333333 	 12338 	 167 	 12171 	 11.1 	 50.7 	 1.590829056 
89367.5 	 11361 	 250 	 11111 	 10.5 	 50.7 	 1.590829056 
92760.83333333333 	 10086 	 218 	 9868 	 6.0 	 50.7 	 1.591382016 
92750.83333333333 	 13095 	 230 	 12865 	 6.0 	 50.7 	 1.591382016 
89371.5 	 11127 	 222 	 10905 	 6.5 	 50.7 	 1.591382016 
89371.5 	 5133 	 269 	 4864 	 6.0 	 50.7 	 1.591382016 
92744.83333333333 	 9144 	 227 	 8917 	 6.3 	 50.7 	 1.591382016 
92744.83333333333 	 6148 	 251 	 5897 	 6.0 	 50.7 	 1.591382016 
89371.5 	 12154 	 370 	 11784 	 6.0 	 50.7 	 1.591382016 
92744.83333333333 	 4169 	 395 	 3774 	 6.0 	 50.7 	 1.591382016 
89371.5 	 8174 	 229 	 7945 	 5.7 	 50.7 	 1.591382016 
89367.5 	 7166 	 230 	 6936 	 5.7 	 50.7 	 1.591382016 
92750.83333333333 	 3704 	 221 	 3483 	 3.5 	 50.7 	 1.591345152 
92744.83333333333 	 4721 	 203 	 4518 	 3.3 	 50.7 	 1.591345152 
92750.83333333333 	 7079 	 214 	 6865 	 4.5 	 50.7 	 1.591300096 
89371.5 	 6112 	 369 	 5743 	 4.5 	 50.7 	 1.591300096 
89367.5 	 5123 	 232 	 4891 	 4.3 	 50.7 	 1.591300096 
89371.5 	 5700 	 216 	 5484 	 4.2 	 50.7 	 1.591283712 
92760.83333333333 	 3707 	 221 	 3486 	 4.0 	 50.7 	 1.591283712 
89367.5 	 4715 	 205 	 4510 	 3.8 	 50.7 	 1.591283712 
89371.5 	 13685 	 299 	 13386 	 4.0 	 50.8 	 1.591754752 
92750.83333333333 	 12688 	 203 	 12485 	 4.0 	 50.8 	 1.591754752 
89367.5 	 9690 	 241 	 9449 	 3.8 	 50.8 	 1.591754752 
89367.5 	 5109 	 246 	 4863 	 3.5 	 50.8 	 1.591754752 
89371.5 	 2116 	 239 	 1877 	 3.8 	 50.8 	 1.591754752 
89367.5 	 3111 	 226 	 2885 	 4.0 	 50.8 	 1.591754752 
89371.5 	 1113 	 247 	 866 	 4.2 	 50.8 	 1.591754752 
92744.83333333333 	 4120 	 233 	 3887 	 4.2 	 50.8 	 1.591754752 
92744.83333333333 	 10765 	 729 	 10036 	 4.5 	 50.8 	 1.591754752 
89371.5 	 11765 	 197 	 11568 	 4.5 	 50.8 	 1.591754752 
89367.5 	 11193 	 1308 	 9885 	 10.3 	 50.8 	 1.591939072 
92744.83333333333 	 10276 	 216 	 10060 	 10.6 	 50.8 	 1.592225792 
89367.5 	 13494 	 208 	 13286 	 5.2 	 50.8 	 1.592549376 
92750.83333333333 	 4497 	 549 	 3948 	 5.2 	 50.8 	 1.592549376 
89371.5 	 8498 	 207 	 8291 	 5.3 	 50.8 	 1.592549376 
89371.5 	 5502 	 242 	 5260 	 5.5 	 50.8 	 1.592549376 
92756.83333333333 	 6501 	 264 	 6237 	 5.5 	 50.8 	 1.592549376 
92756.83333333333 	 12513 	 207 	 12306 	 5.3 	 50.8 	 1.592549376 
89367.5 	 9542 	 209 	 9333 	 6.0 	 50.8 	 1.592549376 
89371.5 	 7578 	 211 	 7367 	 6.0 	 50.8 	 1.592549376 
89371.5 	 10582 	 227 	 10355 	 5.7 	 50.8 	 1.592549376 
89371.5 	 11584 	 215 	 11369 	 5.7 	 50.8 	 1.592549376 
89371.5 	 5101 	 297 	 4804 	 3.5 	 50.8 	 1.592373248 
89371.5 	 4127 	 359 	 3768 	 3.5 	 50.8 	 1.592373248 
92744.83333333333 	 6470 	 212 	 6258 	 3.5 	 50.8 	 1.592414208 
89371.5 	 7542 	 220 	 7322 	 4.0 	 50.8 	 1.592414208 
89367.5 	 5550 	 282 	 5268 	 4.0 	 50.8 	 1.592414208 
92756.83333333333 	 4132 	 238 	 3894 	 4.0 	 50.8 	 1.592356864 
89371.5 	 5154 	 332 	 4822 	 3.7 	 50.8 	 1.592356864 
92756.83333333333 	 6164 	 496 	 5668 	 3.5 	 50.8 	 1.592356864 
89371.5 	 4618 	 262 	 4356 	 3.5 	 50.9 	 1.59625216 
92744.83333333333 	 5623 	 214 	 5409 	 3.8 	 50.9 	 1.59625216 
92756.83333333333 	 8631 	 206 	 8425 	 4.2 	 50.9 	 1.59625216 
92744.83333333333 	 7645 	 197 	 7448 	 4.0 	 50.9 	 1.59625216 
89367.5 	 3660 	 367 	 3293 	 3.7 	 50.9 	 1.59625216 
89367.5 	 2658 	 392 	 2266 	 3.7 	 50.9 	 1.59625216 
92744.83333333333 	 6663 	 701 	 5962 	 3.5 	 50.9 	 1.59625216 
92756.83333333333 	 1606 	 325 	 1281 	 2.0 	 50.9 	 1.596403712 
89371.5 	 5601 	 435 	 5166 	 2.2 	 50.9 	 1.596403712 
89371.5 	 1389 	 406 	 983 	 1.8 	 50.9 	 1.596403712 
92750.83333333333 	 3605 	 301 	 3304 	 2.0 	 50.9 	 1.596403712 
92744.83333333333 	 4619 	 581 	 4038 	 2.2 	 50.9 	 1.596403712 
92750.83333333333 	 2621 	 305 	 2316 	 2.5 	 50.9 	 1.596403712 
92750.83333333333 	 634 	 455 	 179 	 2.7 	 50.9 	 1.596403712 
89371.5 	 364 	 225 	 139 	 2.7 	 50.9 	 1.596403712 
92750.83333333333 	 1512 	 447 	 1065 	 4.3 	 50.9 	 1.596424192 
89371.5 	 493 	 259 	 234 	 4.3 	 50.9 	 1.596424192 
92744.83333333333 	 515 	 340 	 175 	 4.3 	 50.9 	 1.596424192 
89371.5 	 3590 	 305 	 3285 	 3.5 	 50.9 	 1.596424192 
89371.5 	 2583 	 418 	 2165 	 3.5 	 50.9 	 1.596424192 
89371.5 	 2900 	 359 	 2541 	 3.0 	 50.9 	 1.596301312 
89371.5 	 6902 	 361 	 6541 	 2.3 	 50.9 	 1.596792832 
92750.83333333333 	 3904 	 527 	 3377 	 2.3 	 50.9 	 1.596792832 
89367.5 	 4906 	 260 	 4646 	 2.5 	 50.9 	 1.596792832 
89371.5 	 5914 	 521 	 5393 	 2.5 	 50.9 	 1.596792832 
89371.5 	 2961 	 323 	 2638 	 2.7 	 50.9 	 1.596792832 
89371.5 	 7983 	 292 	 7691 	 2.7 	 50.9 	 1.596792832 
89371.5 	 5895 	 277 	 5618 	 4.0 	 50.9 	 1.596755968 
92760.83333333333 	 3904 	 379 	 3525 	 3.8 	 50.9 	 1.596755968 
92750.83333333333 	 4915 	 340 	 4575 	 4.0 	 50.9 	 1.596755968 
89371.5 	 7910 	 339 	 7571 	 4.2 	 50.9 	 1.596755968 
89371.5 	 6920 	 703 	 6217 	 4.0 	 50.9 	 1.596755968 
89371.5 	 4574 	 220 	 4354 	 3.0 	 50.9 	 1.59668224 
89367.5 	 3578 	 205 	 3373 	 2.8 	 50.9 	 1.59668224 
92744.83333333333 	 4912 	 226 	 4686 	 3.8 	 50.9 	 1.596710912 
89371.5 	 5946 	 295 	 5651 	 4.5 	 50.9 	 1.596710912 
92744.83333333333 	 6957 	 240 	 6717 	 4.0 	 50.9 	 1.596710912 
89371.5 	 5532 	 528 	 5004 	 4.5 	 50.9 	 1.596657664 
92750.83333333333 	 4528 	 431 	 4097 	 4.7 	 50.9 	 1.596657664 
92744.83333333333 	 2626 	 338 	 2288 	 5.5 	 50.9 	 1.596669952 
89371.5 	 7230 	 332 	 6898 	 5.8 	 50.9 	 1.596669952 
92744.83333333333 	 2917 	 229 	 2688 	 2.8 	 50.9 	 1.596780544 
92744.83333333333 	 1936 	 579 	 1357 	 2.5 	 50.9 	 1.596780544 
89371.5 	 3938 	 892 	 3046 	 2.8 	 50.9 	 1.596780544 
89371.5 	 974 	 278 	 696 	 2.5 	 50.9 	 1.596760064 
92744.83333333333 	 10193 	 358 	 9835 	 6.9 	 50.9 	 1.597120512 
89371.5 	 11226 	 350 	 10876 	 7.8 	 50.9 	 1.597120512 
89371.5 	 11322 	 480 	 10842 	 5.7 	 50.9 	 1.597734912 
89367.5 	 12330 	 683 	 11647 	 5.7 	 50.9 	 1.597734912 
89367.5 	 4339 	 326 	 4013 	 5.5 	 50.9 	 1.597734912 
92750.83333333333 	 6351 	 228 	 6123 	 5.3 	 50.9 	 1.597734912 
92744.83333333333 	 7358 	 210 	 7148 	 5.3 	 50.9 	 1.597734912 
89371.5 	 5361 	 291 	 5070 	 5.2 	 50.9 	 1.597734912 
92750.83333333333 	 13361 	 427 	 12934 	 5.2 	 50.9 	 1.597734912 
92760.83333333333 	 9366 	 355 	 9011 	 4.8 	 50.9 	 1.597734912 
89371.5 	 10369 	 388 	 9981 	 4.8 	 50.9 	 1.597734912 
89367.5 	 8390 	 305 	 8085 	 4.8 	 50.9 	 1.597734912 
89371.5 	 3937 	 311 	 3626 	 3.8 	 50.9 	 1.597575168 
92744.83333333333 	 4953 	 386 	 4567 	 3.8 	 50.9 	 1.597575168 
92750.83333333333 	 7345 	 287 	 7058 	 5.5 	 50.9 	 1.597702144 
89371.5 	 6362 	 223 	 6139 	 5.3 	 50.9 	 1.597702144 
89371.5 	 5365 	 227 	 5138 	 4.8 	 50.9 	 1.597702144 
92744.83333333333 	 5948 	 212 	 5736 	 4.8 	 50.9 	 1.597669376 
92744.83333333333 	 3961 	 335 	 3626 	 4.3 	 50.9 	 1.597669376 
92744.83333333333 	 4953 	 203 	 4750 	 4.3 	 50.9 	 1.597669376 
92744.83333333333 	 8953 	 457 	 8496 	 45.7 	 51.0 	 1.598836736 
89371.5 	 4920 	 874 	 4046 	 49.6 	 51.0 	 1.598988288 
89371.5 	 3955 	 208 	 3747 	 47.1 	 51.0 	 1.598988288 
92756.83333333333 	 5946 	 484 	 5462 	 41.5 	 51.0 	 1.598836736 
89371.5 	 9910 	 248 	 9662 	 36.8 	 51.0 	 1.598836736 
89371.5 	 6937 	 375 	 6562 	 41.4 	 51.0 	 1.598988288 
89367.5 	 7944 	 353 	 7591 	 41.6 	 51.0 	 1.599225856 
89367.5 	 5671 	 487 	 5184 	 7.5 	 51.0 	 1.598902272 
92744.83333333333 	 4610 	 410 	 4200 	 7.7 	 51.0 	 1.598844928 
92750.83333333333 	 6639 	 220 	 6419 	 6.7 	 51.0 	 1.598844928 
89371.5 	 3659 	 226 	 3433 	 6.7 	 51.0 	 1.598844928 
92744.83333333333 	 7654 	 332 	 7322 	 6.3 	 51.0 	 1.598844928 
89367.5 	 5648 	 533 	 5115 	 6.3 	 51.0 	 1.598844928 
92750.83333333333 	 8665 	 857 	 7808 	 6.5 	 51.0 	 1.598840832 
92756.83333333333 	 9669 	 651 	 9018 	 6.5 	 51.0 	 1.598840832 
92750.83333333333 	 4986 	 211 	 4775 	 3.8 	 51.0 	 1.598803968 
92750.83333333333 	 6001 	 941 	 5060 	 3.5 	 51.0 	 1.598803968 
89367.5 	 2997 	 506 	 2491 	 3.3 	 51.0 	 1.598803968 
89371.5 	 4004 	 282 	 3722 	 3.8 	 51.0 	 1.598803968 
89367.5 	 7006 	 232 	 6774 	 3.7 	 51.0 	 1.598803968 
89367.5 	 4300 	 442 	 3858 	 3.3 	 51.0 	 1.59860736 
89371.5 	 3727 	 463 	 3264 	 3.3 	 51.0 	 1.598644224 
92744.83333333333 	 5725 	 364 	 5361 	 3.3 	 51.0 	 1.598644224 
92744.83333333333 	 7746 	 477 	 7269 	 3.5 	 51.0 	 1.598644224 
89371.5 	 4750 	 206 	 4544 	 3.5 	 51.0 	 1.598644224 
92756.83333333333 	 2758 	 666 	 2092 	 3.5 	 51.0 	 1.598644224 
89367.5 	 6796 	 609 	 6187 	 3.5 	 51.0 	 1.598644224 
92744.83333333333 	 7714 	 381 	 7333 	 3.8 	 51.0 	 1.598590976 
89371.5 	 5715 	 443 	 5272 	 3.8 	 51.0 	 1.598590976 
92756.83333333333 	 4731 	 225 	 4506 	 4.0 	 51.0 	 1.598590976 
89371.5 	 6749 	 364 	 6385 	 3.8 	 51.0 	 1.598590976 
92744.83333333333 	 3786 	 226 	 3560 	 2.8 	 51.0 	 1.598590976 
92744.83333333333 	 4580 	 211 	 4369 	 2.8 	 51.0 	 1.600925696 
89371.5 	 4782 	 237 	 4545 	 3.5 	 51.1 	 1.6012288 
89371.5 	 7792 	 211 	 7581 	 3.3 	 51.1 	 1.6012288 
92744.83333333333 	 5809 	 254 	 5555 	 3.3 	 51.1 	 1.6012288 
89367.5 	 6811 	 363 	 6448 	 3.3 	 51.1 	 1.6012288 
92744.83333333333 	 5335 	 294 	 5041 	 23.5 	 51.1 	 1.60116736 
92750.83333333333 	 4356 	 218 	 4138 	 22.6 	 51.1 	 1.60116736 
89367.5 	 2580 	 312 	 2268 	 5.5 	 51.1 	 1.601171456 
89371.5 	 3588 	 212 	 3376 	 5.5 	 51.1 	 1.601171456 
92744.83333333333 	 2753 	 495 	 2258 	 3.8 	 51.1 	 1.60118784 
92756.83333333333 	 783 	 349 	 434 	 3.5 	 51.1 	 1.60118784 
89371.5 	 1788 	 229 	 1559 	 3.5 	 51.1 	 1.60118784 
89367.5 	 3811 	 319 	 3492 	 3.8 	 51.1 	 1.60118784 
89371.5 	 10177 	 231 	 9946 	 8.8 	 51.1 	 1.601118208 
89367.5 	 11270 	 242 	 11028 	 9.0 	 51.1 	 1.601118208 
89367.5 	 13125 	 446 	 12679 	 6.3 	 51.1 	 1.601093632 
89371.5 	 8158 	 390 	 7768 	 6.8 	 51.1 	 1.601093632 
92744.83333333333 	 10171 	 352 	 9819 	 6.5 	 51.1 	 1.601093632 
92750.83333333333 	 7182 	 219 	 6963 	 6.7 	 51.1 	 1.601093632 
89371.5 	 5188 	 387 	 4801 	 6.5 	 51.1 	 1.601093632 
92744.83333333333 	 6209 	 453 	 5756 	 5.5 	 51.1 	 1.601093632 
92750.83333333333 	 9228 	 314 	 8914 	 5.0 	 51.1 	 1.601093632 
92750.83333333333 	 4230 	 590 	 3640 	 5.0 	 51.1 	 1.601093632 
92744.83333333333 	 11234 	 405 	 10829 	 5.0 	 51.1 	 1.601093632 
92744.83333333333 	 12237 	 222 	 12015 	 4.8 	 51.1 	 1.601093632 
89367.5 	 4769 	 939 	 3830 	 6.8 	 51.1 	 1.601073152 
89367.5 	 7126 	 534 	 6592 	 5.5 	 51.1 	 1.601466368 
89371.5 	 5161 	 233 	 4928 	 5.8 	 51.1 	 1.601466368 
89371.5 	 8167 	 671 	 7496 	 5.8 	 51.1 	 1.601466368 
89367.5 	 6204 	 359 	 5845 	 5.8 	 51.1 	 1.601466368 
89371.5 	 5717 	 456 	 5261 	 5.0 	 51.1 	 1.601662976 
92744.83333333333 	 4785 	 355 	 4430 	 4.5 	 51.1 	 1.601662976 
89371.5 	 3790 	 227 	 3563 	 4.5 	 51.1 	 1.601662976 
92750.83333333333 	 10042 	 348 	 9694 	 5.0 	 51.1 	 1.601961984 
92756.83333333333 	 6046 	 433 	 5613 	 5.0 	 51.1 	 1.601961984 
92750.83333333333 	 5053 	 576 	 4477 	 5.0 	 51.1 	 1.601961984 
89367.5 	 479 	 466 	 13 	 4.8 	 51.1 	 1.601961984 
89371.5 	 8080 	 359 	 7721 	 4.3 	 51.1 	 1.601961984 
89367.5 	 9070 	 263 	 8807 	 4.8 	 51.1 	 1.601961984 
89367.5 	 7080 	 421 	 6659 	 4.3 	 51.1 	 1.601961984 
89367.5 	 377 	 225 	 152 	 3.0 	 51.1 	 1.602052096 
92744.83333333333 	 629 	 371 	 258 	 3.3 	 51.1 	 1.602052096 
89371.5 	 3632 	 215 	 3417 	 3.3 	 51.1 	 1.602052096 
92744.83333333333 	 5628 	 336 	 5292 	 3.2 	 51.1 	 1.602052096 
89371.5 	 2651 	 256 	 2395 	 3.8 	 51.1 	 1.602052096 
89367.5 	 1346 	 329 	 1017 	 3.8 	 51.1 	 1.602052096 
92744.83333333333 	 4669 	 515 	 4154 	 3.8 	 51.1 	 1.60196608 
89367.5 	 1674 	 900 	 774 	 4.0 	 51.1 	 1.60196608 
92750.83333333333 	 4723 	 232 	 4491 	 4.2 	 51.1 	 1.602101248 
92750.83333333333 	 3731 	 381 	 3350 	 4.2 	 51.1 	 1.602101248 
92744.83333333333 	 5744 	 325 	 5419 	 4.2 	 51.1 	 1.602101248 
92750.83333333333 	 6748 	 249 	 6499 	 4.2 	 51.1 	 1.602101248 
92744.83333333333 	 2808 	 401 	 2407 	 2.8 	 51.1 	 1.602101248 
92744.83333333333 	 4125 	 240 	 3885 	 1.8 	 51.1 	 1.602183168 
89371.5 	 6168 	 353 	 5815 	 4.8 	 51.1 	 1.602383872 
89371.5 	 9177 	 489 	 8688 	 4.5 	 51.1 	 1.602383872 
89371.5 	 5179 	 468 	 4711 	 4.3 	 51.1 	 1.602383872 
89371.5 	 7183 	 631 	 6552 	 4.5 	 51.1 	 1.602383872 
92744.83333333333 	 8226 	 284 	 7942 	 4.8 	 51.1 	 1.602383872 
92744.83333333333 	 3528 	 608 	 2920 	 5.0 	 51.1 	 1.602330624 
92744.83333333333 	 7589 	 420 	 7169 	 4.8 	 51.1 	 1.602330624 
92760.83333333333 	 5598 	 216 	 5382 	 4.8 	 51.1 	 1.602330624 
92744.83333333333 	 4605 	 489 	 4116 	 5.0 	 51.1 	 1.602330624 
92744.83333333333 	 8622 	 1271 	 7351 	 4.5 	 51.1 	 1.602330624 
89371.5 	 6626 	 234 	 6392 	 4.5 	 51.1 	 1.602330624 
89367.5 	 4158 	 373 	 3785 	 2.7 	 51.1 	 1.602482176 
92744.83333333333 	 6129 	 630 	 5499 	 7.8 	 51.1 	 1.602555904 
89371.5 	 7132 	 476 	 6656 	 8.1 	 51.1 	 1.602555904 
89367.5 	 8136 	 227 	 7909 	 8.1 	 51.1 	 1.602555904 
92744.83333333333 	 5131 	 261 	 4870 	 8.0 	 51.1 	 1.602555904 
89371.5 	 5171 	 392 	 4779 	 5.0 	 51.1 	 1.602633728 
92760.83333333333 	 8169 	 438 	 7731 	 7.2 	 51.1 	 1.602973696 
89371.5 	 2613 	 222 	 2391 	 7.2 	 51.1 	 1.602973696 
92744.83333333333 	 3673 	 305 	 3368 	 7.2 	 51.1 	 1.603096576 
92756.83333333333 	 3549 	 293 	 3256 	 4.7 	 51.1 	 1.603096576 
92750.83333333333 	 2562 	 491 	 2071 	 4.7 	 51.1 	 1.603096576 
89371.5 	 1602 	 776 	 826 	 4.3 	 51.1 	 1.603096576 
89371.5 	 604 	 391 	 213 	 4.3 	 51.1 	 1.603096576 
89367.5 	 1560 	 225 	 1335 	 4.8 	 51.1 	 1.60303104 
89367.5 	 2587 	 202 	 2385 	 4.8 	 51.1 	 1.60303104 
92744.83333333333 	 6162 	 210 	 5952 	 7.5 	 51.1 	 1.60299008 
92744.83333333333 	 5164 	 355 	 4809 	 7.5 	 51.1 	 1.60299008 
92744.83333333333 	 7205 	 403 	 6802 	 7.5 	 51.1 	 1.60299008 
89367.5 	 3962 	 272 	 3690 	 4.0 	 51.1 	 1.603088384 
92750.83333333333 	 4955 	 233 	 4722 	 4.0 	 51.1 	 1.603088384 
92744.83333333333 	 4589 	 697 	 3892 	 3.5 	 51.1 	 1.603084288 
89371.5 	 3604 	 223 	 3381 	 3.0 	 51.1 	 1.603084288 
89371.5 	 4957 	 199 	 4758 	 5.3 	 51.1 	 1.603117056 
89367.5 	 5962 	 599 	 5363 	 5.0 	 51.1 	 1.603117056 
89371.5 	 6972 	 382 	 6590 	 5.0 	 51.1 	 1.603117056 
89371.5 	 4610 	 207 	 4403 	 4.8 	 51.1 	 1.603080192 
89367.5 	 5628 	 383 	 5245 	 4.8 	 51.1 	 1.603080192 
89367.5 	 7550 	 215 	 7335 	 4.0 	 51.1 	 1.603059712 
89371.5 	 5558 	 215 	 5343 	 4.7 	 51.1 	 1.603059712 
89367.5 	 3562 	 214 	 3348 	 5.0 	 51.1 	 1.603059712 
89367.5 	 10562 	 371 	 10191 	 4.7 	 51.1 	 1.603059712 
89371.5 	 4581 	 207 	 4374 	 5.5 	 51.1 	 1.603059712 
92750.83333333333 	 9592 	 382 	 9210 	 5.5 	 51.1 	 1.603059712 
92744.83333333333 	 8617 	 225 	 8392 	 5.0 	 51.1 	 1.603059712 
92744.83333333333 	 6618 	 547 	 6071 	 5.0 	 51.1 	 1.603059712 
92744.83333333333 	 11543 	 538 	 11005 	 3.8 	 51.1 	 1.603264512 
92750.83333333333 	 1961 	 698 	 1263 	 3.8 	 51.1 	 1.603264512 
92750.83333333333 	 3976 	 662 	 3314 	 4.0 	 51.1 	 1.603264512 
89371.5 	 979 	 382 	 597 	 4.0 	 51.1 	 1.603264512 
89371.5 	 9604 	 382 	 9222 	 4.0 	 51.1 	 1.603264512 
92744.83333333333 	 3032 	 385 	 2647 	 4.0 	 51.1 	 1.603264512 
89367.5 	 8617 	 415 	 8202 	 4.2 	 51.1 	 1.603264512 
92750.83333333333 	 10622 	 325 	 10297 	 4.0 	 51.1 	 1.603264512 
89371.5 	 10152 	 207 	 9945 	 9.3 	 51.1 	 1.603592192 
92744.83333333333 	 11163 	 960 	 10203 	 9.5 	 51.1 	 1.603592192 
89367.5 	 10364 	 825 	 9539 	 4.8 	 51.1 	 1.603977216 
89367.5 	 8371 	 219 	 8152 	 4.5 	 51.1 	 1.603977216 
92744.83333333333 	 6382 	 441 	 5941 	 4.3 	 51.1 	 1.603977216 
92750.83333333333 	 7375 	 464 	 6911 	 4.3 	 51.1 	 1.603977216 
92744.83333333333 	 11380 	 703 	 10677 	 4.3 	 51.1 	 1.603977216 
89371.5 	 12401 	 561 	 11840 	 4.8 	 51.1 	 1.603977216 
89371.5 	 9401 	 364 	 9037 	 4.8 	 51.1 	 1.603977216 
92756.83333333333 	 13412 	 395 	 13017 	 5.0 	 51.1 	 1.603977216 
92760.83333333333 	 4420 	 400 	 4020 	 4.8 	 51.1 	 1.603977216 
92744.83333333333 	 5448 	 436 	 5012 	 4.8 	 51.1 	 1.603977216 
89371.5 	 4041 	 221 	 3820 	 3.8 	 51.1 	 1.603825664 
89371.5 	 5040 	 214 	 4826 	 3.5 	 51.1 	 1.603825664 
92744.83333333333 	 7370 	 695 	 6675 	 4.0 	 51.1 	 1.603919872 
92744.83333333333 	 5414 	 377 	 5037 	 3.3 	 51.1 	 1.603919872 
92744.83333333333 	 6414 	 232 	 6182 	 3.3 	 51.1 	 1.603919872 
92744.83333333333 	 5983 	 383 	 5600 	 3.8 	 51.1 	 1.603919872 
89371.5 	 4999 	 231 	 4768 	 3.8 	 51.1 	 1.603919872 
92744.83333333333 	 4012 	 358 	 3654 	 3.3 	 51.1 	 1.603919872 
89371.5 	 9011 	 412 	 8599 	 5.9 	 51.1 	 1.60401408 
92756.83333333333 	 7053 	 219 	 6834 	 5.2 	 51.1 	 1.60401408 
92750.83333333333 	 4048 	 375 	 3673 	 5.2 	 51.1 	 1.60401408 
92756.83333333333 	 10055 	 378 	 9677 	 5.0 	 51.1 	 1.60401408 
89367.5 	 6065 	 232 	 5833 	 5.0 	 51.1 	 1.60401408 
89371.5 	 8066 	 259 	 7807 	 5.0 	 51.1 	 1.60401408 
89367.5 	 5069 	 291 	 4778 	 4.8 	 51.1 	 1.60401408 
89367.5 	 4567 	 465 	 4102 	 5.2 	 51.1 	 1.60391168 
92766.83333333333 	 1563 	 416 	 1147 	 5.2 	 51.1 	 1.60391168 
89367.5 	 3588 	 243 	 3345 	 5.7 	 51.1 	 1.60391168 
89371.5 	 9194 	 238 	 8956 	 5.7 	 51.1 	 1.60391168 
92744.83333333333 	 2645 	 725 	 1920 	 5.8 	 51.1 	 1.60391168 
89367.5 	 1407 	 247 	 1160 	 3.5 	 51.1 	 1.60385024 
92750.83333333333 	 2446 	 249 	 2197 	 3.3 	 51.1 	 1.60385024 
92750.83333333333 	 3568 	 524 	 3044 	 6.2 	 51.1 	 1.603854336 
92750.83333333333 	 2584 	 229 	 2355 	 6.0 	 51.1 	 1.603854336 
92744.83333333333 	 6992 	 883 	 6109 	 4.5 	 51.1 	 1.60382976 
92744.83333333333 	 5038 	 468 	 4570 	 4.2 	 51.1 	 1.60382976 
89371.5 	 6055 	 434 	 5621 	 4.0 	 51.1 	 1.60382976 
89367.5 	 8055 	 404 	 7651 	 4.0 	 51.1 	 1.60382976 
92760.83333333333 	 3743 	 256 	 3487 	 3.0 	 51.1 	 1.603792896 
89367.5 	 4828 	 410 	 4418 	 3.3 	 51.1 	 1.603792896 
89367.5 	 4375 	 495 	 3880 	 5.3 	 51.1 	 1.603805184 
89371.5 	 4797 	 490 	 4307 	 5.3 	 51.1 	 1.603923968 
89367.5 	 7802 	 517 	 7285 	 5.3 	 51.1 	 1.603923968 
92750.83333333333 	 6824 	 1462 	 5362 	 5.3 	 51.1 	 1.603923968 
89371.5 	 5849 	 194 	 5655 	 4.8 	 51.1 	 1.603923968 
89371.5 	 4390 	 883 	 3507 	 3.8 	 51.1 	 1.60382976 
92744.83333333333 	 5427 	 378 	 5049 	 3.8 	 51.1 	 1.60382976 
89367.5 	 8207 	 213 	 7994 	 8.0 	 51.1 	 1.604059136 
89371.5 	 5229 	 229 	 5000 	 7.7 	 51.1 	 1.604059136 
92766.83333333333 	 7246 	 680 	 6566 	 6.9 	 51.1 	 1.604059136 
92756.83333333333 	 10251 	 392 	 9859 	 6.9 	 51.1 	 1.604059136 
92750.83333333333 	 6263 	 372 	 5891 	 6.2 	 51.1 	 1.604059136 
92744.83333333333 	 4273 	 440 	 3833 	 6.0 	 51.1 	 1.604059136 
89371.5 	 9280 	 506 	 8774 	 5.8 	 51.1 	 1.604059136 
89371.5 	 11373 	 504 	 10869 	 5.5 	 51.2 	 1.604145152 
89367.5 	 12371 	 583 	 11788 	 5.5 	 51.2 	 1.604145152 
92744.83333333333 	 10376 	 342 	 10034 	 5.5 	 51.2 	 1.604145152 
89367.5 	 795 	 242 	 553 	 5.7 	 51.2 	 1.604145152 
92750.83333333333 	 1797 	 493 	 1304 	 5.7 	 51.2 	 1.604145152 
89367.5 	 9390 	 393 	 8997 	 5.8 	 51.2 	 1.604145152 
89367.5 	 4813 	 232 	 4581 	 6.0 	 51.2 	 1.604145152 
89371.5 	 3817 	 400 	 3417 	 6.0 	 51.2 	 1.604145152 
92750.83333333333 	 2854 	 539 	 2315 	 6.0 	 51.2 	 1.604145152 
92756.83333333333 	 11155 	 395 	 10760 	 7.8 	 51.1 	 1.604046848 
89367.5 	 10173 	 233 	 9940 	 8.0 	 51.1 	 1.604046848 
92744.83333333333 	 12183 	 392 	 11791 	 6.7 	 51.2 	 1.60421888 
92772.83333333333 	 13217 	 218 	 12999 	 6.0 	 51.2 	 1.60421888 
92744.83333333333 	 6219 	 410 	 5809 	 6.0 	 51.2 	 1.60421888 
89367.5 	 11222 	 254 	 10968 	 5.7 	 51.2 	 1.60434176 
92744.83333333333 	 8232 	 428 	 7804 	 5.5 	 51.2 	 1.60434176 
89367.5 	 7256 	 277 	 6979 	 5.5 	 51.2 	 1.60434176 
89371.5 	 4258 	 236 	 4022 	 5.0 	 51.2 	 1.60434176 
92744.83333333333 	 10267 	 293 	 9974 	 5.2 	 51.2 	 1.60434176 
92744.83333333333 	 5268 	 236 	 5032 	 5.2 	 51.2 	 1.60434176 
89371.5 	 9270 	 476 	 8794 	 5.3 	 51.2 	 1.60434176 
92744.83333333333 	 4768 	 460 	 4308 	 4.0 	 51.2 	 1.604161536 
89371.5 	 6151 	 389 	 5762 	 5.0 	 51.2 	 1.604222976 
89371.5 	 8168 	 646 	 7522 	 5.2 	 51.2 	 1.604222976 
89367.5 	 5177 	 290 	 4887 	 5.5 	 51.2 	 1.604222976 
89371.5 	 7251 	 233 	 7018 	 5.5 	 51.2 	 1.60417792 
92744.83333333333 	 5840 	 373 	 5467 	 4.5 	 51.2 	 1.60413696 
89367.5 	 4847 	 226 	 4621 	 4.3 	 51.2 	 1.60413696 
89371.5 	 3861 	 538 	 3323 	 4.0 	 51.2 	 1.60413696 
92744.83333333333 	 4781 	 210 	 4571 	 3.3 	 51.2 	 1.604304896 
92750.83333333333 	 9787 	 227 	 9560 	 3.2 	 51.2 	 1.604304896 
92750.83333333333 	 6788 	 472 	 6316 	 3.2 	 51.2 	 1.604304896 
89371.5 	 7791 	 201 	 7590 	 3.2 	 51.2 	 1.604304896 
92744.83333333333 	 8829 	 214 	 8615 	 3.5 	 51.2 	 1.604304896 
89371.5 	 3828 	 206 	 3622 	 3.3 	 51.2 	 1.604304896 
92744.83333333333 	 5838 	 470 	 5368 	 3.0 	 51.2 	 1.604304896 
92744.83333333333 	 9142 	 414 	 8728 	 13.2 	 51.2 	 1.604726784 
89371.5 	 3560 	 432 	 3128 	 13.3 	 51.2 	 1.604726784 
92744.83333333333 	 1581 	 203 	 1378 	 13.5 	 51.2 	 1.604726784 
92744.83333333333 	 4602 	 201 	 4401 	 13.2 	 51.2 	 1.604726784 
89367.5 	 2605 	 356 	 2249 	 13.0 	 51.2 	 1.604726784 
89371.5 	 191 	 252 	 -61 	 4.2 	 51.2 	 1.604804608 
89371.5 	 2252 	 387 	 1865 	 4.0 	 51.2 	 1.604804608 
92744.83333333333 	 1270 	 411 	 859 	 3.7 	 51.2 	 1.604804608 
89367.5 	 2594 	 206 	 2388 	 4.0 	 51.2 	 1.6049152 
89371.5 	 6820 	 579 	 6241 	 5.0 	 51.2 	 1.604890624 
92744.83333333333 	 7829 	 577 	 7252 	 4.8 	 51.2 	 1.604890624 
89371.5 	 5847 	 423 	 5424 	 4.8 	 51.2 	 1.604890624 
89367.5 	 4848 	 495 	 4353 	 4.8 	 51.2 	 1.604890624 
89367.5 	 3612 	 617 	 2995 	 3.8 	 51.2 	 1.604849664 
89367.5 	 4632 	 625 	 4007 	 3.8 	 51.2 	 1.604849664 
89367.5 	 4192 	 554 	 3638 	 3.0 	 51.2 	 1.604870144 
92744.83333333333 	 7590 	 415 	 7175 	 4.0 	 51.2 	 1.60487424 
89367.5 	 4631 	 375 	 4256 	 4.5 	 51.2 	 1.60487424 
89367.5 	 6633 	 418 	 6215 	 4.8 	 51.2 	 1.60487424 
89371.5 	 5670 	 485 	 5185 	 4.0 	 51.2 	 1.60487424 
89371.5 	 5217 	 221 	 4996 	 4.3 	 51.2 	 1.604841472 
89367.5 	 4252 	 384 	 3868 	 4.5 	 51.2 	 1.604841472 
89367.5 	 8174 	 281 	 7893 	 4.0 	 51.2 	 1.605173248 
89367.5 	 5178 	 429 	 4749 	 4.0 	 51.2 	 1.605173248 
89367.5 	 9180 	 560 	 8620 	 3.8 	 51.2 	 1.605173248 
89371.5 	 6188 	 552 	 5636 	 4.0 	 51.2 	 1.605173248 
92760.83333333333 	 4197 	 602 	 3595 	 4.0 	 51.2 	 1.605165056 
89367.5 	 10207 	 371 	 9836 	 4.0 	 51.2 	 1.605165056 
92750.83333333333 	 7256 	 359 	 6897 	 4.0 	 51.2 	 1.60524288 
92750.83333333333 	 10136 	 999 	 9137 	 5.3 	 51.2 	 1.605287936 
89367.5 	 1553 	 609 	 944 	 5.3 	 51.2 	 1.605287936 
89371.5 	 7204 	 791 	 6413 	 5.3 	 51.2 	 1.605177344 
92744.83333333333 	 8210 	 317 	 7893 	 5.0 	 51.2 	 1.605189632 
92766.83333333333 	 2647 	 627 	 2020 	 5.0 	 51.2 	 1.605189632 
89367.5 	 9236 	 286 	 8950 	 5.0 	 51.2 	 1.605189632 
89371.5 	 1621 	 258 	 1363 	 6.5 	 51.2 	 1.605136384 
89371.5 	 2685 	 479 	 2206 	 6.5 	 51.2 	 1.605136384 
89371.5 	 10108 	 593 	 9515 	 7.0 	 51.2 	 1.605238784 
89371.5 	 12140 	 602 	 11538 	 7.0 	 51.2 	 1.605238784 
89367.5 	 11184 	 216 	 10968 	 6.8 	 51.2 	 1.605238784 
89371.5 	 5401 	 542 	 4859 	 6.3 	 51.4 	 1.612828672 
89371.5 	 7432 	 352 	 7080 	 5.8 	 51.4 	 1.612828672 
89371.5 	 6435 	 384 	 6051 	 6.0 	 51.4 	 1.612828672 
89367.5 	 11449 	 488 	 10961 	 6.0 	 51.4 	 1.612828672 
92756.83333333333 	 8456 	 332 	 8124 	 6.5 	 51.4 	 1.612828672 
92744.83333333333 	 10465 	 592 	 9873 	 6.5 	 51.4 	 1.612828672 
92750.83333333333 	 12462 	 480 	 11982 	 6.5 	 51.4 	 1.612828672 
92750.83333333333 	 9452 	 352 	 9100 	 6.2 	 51.4 	 1.612828672 
92756.83333333333 	 13463 	 503 	 12960 	 6.5 	 51.4 	 1.612828672 
89371.5 	 4769 	 424 	 4345 	 3.5 	 51.5 	 1.616232448 
92750.83333333333 	 3802 	 252 	 3550 	 2.8 	 51.5 	 1.616232448 
89371.5 	 5798 	 1010 	 4788 	 2.8 	 51.5 	 1.616232448 
92750.83333333333 	 6197 	 684 	 5513 	 4.3 	 51.6 	 1.61800192 
89371.5 	 7217 	 366 	 6851 	 4.0 	 51.6 	 1.618112512 
89367.5 	 5221 	 426 	 4795 	 4.3 	 51.6 	 1.618112512 
92744.83333333333 	 5848 	 307 	 5541 	 3.5 	 51.7 	 1.62082816 
89371.5 	 4897 	 392 	 4505 	 3.5 	 51.7 	 1.62082816 
92756.83333333333 	 3829 	 426 	 3403 	 4.5 	 51.8 	 1.624055808 
92750.83333333333 	 4834 	 406 	 4428 	 4.3 	 51.8 	 1.624055808 
89367.5 	 5832 	 419 	 5413 	 4.3 	 51.8 	 1.624055808 
92756.83333333333 	 6837 	 450 	 6387 	 4.3 	 51.8 	 1.624055808 
89371.5 	 7843 	 589 	 7254 	 5.0 	 51.8 	 1.624055808 
89371.5 	 10840 	 587 	 10253 	 4.5 	 51.8 	 1.624055808 
92750.83333333333 	 9894 	 591 	 9303 	 5.3 	 51.8 	 1.624055808 
92750.83333333333 	 8911 	 905 	 8006 	 4.8 	 51.8 	 1.624055808 
92744.83333333333 	 5618 	 380 	 5238 	 8.0 	 51.8 	 1.624850432 
92744.83333333333 	 3699 	 436 	 3263 	 7.3 	 51.9 	 1.627516928 
92744.83333333333 	 7689 	 637 	 7052 	 7.3 	 51.9 	 1.627516928 
89371.5 	 4704 	 227 	 4477 	 7.5 	 51.9 	 1.627516928 
89371.5 	 6721 	 370 	 6351 	 7.5 	 51.9 	 1.627516928 
92750.83333333333 	 8736 	 183 	 8553 	 7.3 	 51.9 	 1.627516928 
89371.5 	 5745 	 391 	 5354 	 7.3 	 51.9 	 1.627516928 
89367.5 	 9744 	 1700 	 8044 	 7.3 	 51.9 	 1.627516928 
92744.83333333333 	 42 	 625 	 -583 	 4.8 	 51.9 	 1.627516928 
92744.83333333333 	 2053 	 231 	 1822 	 4.5 	 51.9 	 1.627516928 
92744.83333333333 	 1067 	 303 	 764 	 4.8 	 51.9 	 1.627516928 
92744.83333333333 	 3110 	 332 	 2778 	 4.5 	 51.9 	 1.627516928 
92744.83333333333 	 884 	 351 	 533 	 4.3 	 51.9 	 1.627516928 
89367.5 	 4109 	 442 	 3667 	 3.7 	 51.9 	 1.627594752 
89371.5 	 7105 	 428 	 6677 	 37.3 	 51.9 	 1.628049408 
89371.5 	 6115 	 415 	 5700 	 36.9 	 51.9 	 1.628049408 
92744.83333333333 	 5125 	 768 	 4357 	 36.8 	 51.9 	 1.628049408 
92750.83333333333 	 4127 	 405 	 3722 	 36.7 	 51.9 	 1.628049408 
92744.83333333333 	 9136 	 526 	 8610 	 36.7 	 51.9 	 1.628049408 
92744.83333333333 	 8142 	 392 	 7750 	 36.6 	 51.9 	 1.628049408 
92744.83333333333 	 6403 	 405 	 5998 	 4.0 	 51.9 	 1.628094464 
92750.83333333333 	 7401 	 646 	 6755 	 4.0 	 51.9 	 1.628094464 
89367.5 	 5429 	 211 	 5218 	 4.5 	 51.9 	 1.628094464 
92756.83333333333 	 4473 	 377 	 4096 	 4.0 	 51.9 	 1.628094464 
92744.83333333333 	 3479 	 223 	 3256 	 4.0 	 51.9 	 1.628094464 
89367.5 	 4074 	 491 	 3583 	 4.8 	 51.9 	 1.628024832 
89371.5 	 7433 	 219 	 7214 	 5.3 	 51.9 	 1.628151808 
89367.5 	 4463 	 367 	 4096 	 5.5 	 51.9 	 1.628254208 
89367.5 	 5510 	 274 	 5236 	 5.0 	 51.9 	 1.628254208 
89371.5 	 6520 	 1157 	 5363 	 4.8 	 51.9 	 1.628254208 
89371.5 	 5072 	 327 	 4745 	 5.2 	 51.9 	 1.628188672 
92744.83333333333 	 4079 	 210 	 3869 	 5.2 	 51.9 	 1.628188672 
89367.5 	 3546 	 198 	 3348 	 5.8 	 51.9 	 1.628311552 
89371.5 	 2597 	 380 	 2217 	 6.3 	 51.9 	 1.628327936 
92750.83333333333 	 1442 	 299 	 1143 	 5.8 	 51.9 	 1.62891776 
92750.83333333333 	 2449 	 339 	 2110 	 5.8 	 51.9 	 1.62891776 
92744.83333333333 	 3471 	 441 	 3030 	 6.3 	 51.9 	 1.62891776 
92750.83333333333 	 503 	 407 	 96 	 5.6 	 51.9 	 1.62891776 
89371.5 	 2703 	 380 	 2323 	 10.6 	 52.3 	 1.640177664 
89367.5 	 3488 	 227 	 3261 	 18.2 	 52.6 	 1.649692672 
89371.5 	 2510 	 235 	 2275 	 17.7 	 52.6 	 1.649692672 
89371.5 	 4513 	 533 	 3980 	 17.9 	 52.6 	 1.649692672 
92744.83333333333 	 6028 	 572 	 5456 	 15.3 	 52.7 	 1.65167104 
89367.5 	 5039 	 216 	 4823 	 15.1 	 52.7 	 1.65167104 
92744.83333333333 	 4050 	 474 	 3576 	 14.9 	 52.7 	 1.65167104 
89371.5 	 4519 	 883 	 3636 	 1.2 	 52.7 	 1.652133888 
92744.83333333333 	 7886 	 676 	 7210 	 0.8 	 52.7 	 1.652260864 
92750.83333333333 	 3181 	 378 	 2803 	 5.3 	 52.7 	 1.653747712 
89371.5 	 6215 	 376 	 5839 	 5.3 	 52.7 	 1.653747712 
92744.83333333333 	 7211 	 957 	 6254 	 5.5 	 52.7 	 1.653747712 
89367.5 	 5259 	 662 	 4597 	 5.2 	 52.7 	 1.653747712 
92756.83333333333 	 9267 	 499 	 8768 	 5.0 	 52.7 	 1.653747712 
92744.83333333333 	 8276 	 372 	 7904 	 4.5 	 52.7 	 1.653747712 
89367.5 	 4283 	 539 	 3744 	 4.5 	 52.7 	 1.653747712 
89371.5 	 1034 	 370 	 664 	 2.5 	 52.7 	 1.65367808 
89371.5 	 3591 	 578 	 3013 	 2.7 	 52.7 	 1.65367808 
89371.5 	 6609 	 496 	 6113 	 2.5 	 52.7 	 1.65367808 
92744.83333333333 	 4620 	 486 	 4134 	 2.3 	 52.7 	 1.65367808 
92744.83333333333 	 5620 	 403 	 5217 	 2.3 	 52.7 	 1.65367808 
89371.5 	 4369 	 510 	 3859 	 14.5 	 52.8 	 1.656569856 
89367.5 	 5379 	 229 	 5150 	 14.7 	 52.8 	 1.656823808 
89367.5 	 2581 	 732 	 1849 	 14.9 	 52.9 	 1.657716736 
89367.5 	 1605 	 526 	 1079 	 14.7 	 52.9 	 1.657716736 
89367.5 	 3641 	 774 	 2867 	 14.9 	 52.9 	 1.657716736 
92744.83333333333 	 644 	 548 	 96 	 14.7 	 52.9 	 1.657716736 
92750.83333333333 	 330 	 426 	 -96 	 14.5 	 52.9 	 1.657716736 
89371.5 	 3304 	 404 	 2900 	 4.5 	 52.7 	 1.652187136 
92760.83333333333 	 5160 	 523 	 4637 	 3.8 	 52.7 	 1.65216256 
92744.83333333333 	 4196 	 377 	 3819 	 4.3 	 52.7 	 1.65216256 
92744.83333333333 	 7205 	 232 	 6973 	 4.3 	 52.7 	 1.65216256 
89367.5 	 6245 	 387 	 5858 	 4.5 	 52.7 	 1.65216256 
92756.83333333333 	 2983 	 481 	 2502 	 3.0 	 52.7 	 1.652109312 
89371.5 	 3997 	 374 	 3623 	 2.7 	 52.7 	 1.652109312 
89371.5 	 3599 	 257 	 3342 	 4.3 	 52.7 	 1.652084736 
92744.83333333333 	 5987 	 243 	 5744 	 2.0 	 52.7 	 1.652109312 
92744.83333333333 	 4988 	 312 	 4676 	 2.0 	 52.7 	 1.652109312 
92744.83333333333 	 4060 	 433 	 3627 	 2.2 	 52.7 	 1.652109312 
89367.5 	 3064 	 553 	 2511 	 2.0 	 52.7 	 1.652109312 
92750.83333333333 	 7067 	 429 	 6638 	 2.0 	 52.7 	 1.652109312 
92744.83333333333 	 3626 	 233 	 3393 	 2.5 	 52.7 	 1.652195328 
89371.5 	 5952 	 203 	 5749 	 2.7 	 52.7 	 1.652260864 
89367.5 	 4957 	 338 	 4619 	 2.7 	 52.7 	 1.652248576 
89371.5 	 7028 	 442 	 6586 	 2.8 	 52.7 	 1.652248576 
89371.5 	 5580 	 738 	 4842 	 2.0 	 52.7 	 1.652457472 
89367.5 	 4592 	 338 	 4254 	 2.3 	 52.7 	 1.652457472 
92756.83333333333 	 3643 	 239 	 3404 	 2.0 	 52.7 	 1.652457472 
92744.83333333333 	 5000 	 328 	 4672 	 2.3 	 52.7 	 1.652621312 
89367.5 	 6012 	 362 	 5650 	 2.5 	 52.7 	 1.652621312 
89371.5 	 7031 	 647 	 6384 	 2.7 	 52.7 	 1.652621312 
92750.83333333333 	 14 	 259 	 -245 	 3.5 	 52.7 	 1.652822016 
92744.83333333333 	 5628 	 454 	 5174 	 3.7 	 52.7 	 1.652822016 
92756.83333333333 	 4631 	 390 	 4241 	 3.5 	 52.7 	 1.652822016 
89367.5 	 2292 	 542 	 1750 	 3.3 	 52.7 	 1.652895744 
92744.83333333333 	 1975 	 568 	 1407 	 4.5 	 52.7 	 1.653067776 
89371.5 	 2988 	 385 	 2603 	 4.2 	 52.7 	 1.653067776 
92744.83333333333 	 4074 	 312 	 3762 	 3.8 	 52.7 	 1.653067776 
89371.5 	 10847 	 465 	 10382 	 5.6 	 52.7 	 1.653047296 
89371.5 	 9870 	 590 	 9280 	 5.1 	 52.7 	 1.653047296 
89371.5 	 11881 	 415 	 11466 	 5.1 	 52.7 	 1.653047296 
92744.83333333333 	 10377 	 418 	 9959 	 0.5 	 52.7 	 1.65310464 
89371.5 	 12382 	 642 	 11740 	 0.3 	 52.7 	 1.65310464 
89371.5 	 9383 	 504 	 8879 	 0.3 	 52.7 	 1.65310464 
89371.5 	 11394 	 300 	 11094 	 0.3 	 52.7 	 1.653088256 
89371.5 	 8395 	 763 	 7632 	 0.3 	 52.7 	 1.653088256 
92744.83333333333 	 7971 	 824 	 7147 	 29.2 	 54.6 	 1.713524736 
92744.83333333333 	 8888 	 329 	 8559 	 29.1 	 54.6 	 1.713524736 
89367.5 	 7951 	 551 	 7400 	 29.0 	 54.6 	 1.713524736 
89371.5 	 8967 	 183 	 8784 	 29.0 	 54.6 	 1.713524736 
89371.5 	 8969 	 172 	 8797 	 29.0 	 54.6 	 1.713524736 
92744.83333333333 	 7991 	 449 	 7542 	 28.8 	 54.6 	 1.713524736 
89371.5 	 9996 	 478 	 9518 	 28.9 	 54.6 	 1.713524736 
89371.5 	 9980 	 938 	 9042 	 28.9 	 54.6 	 1.713524736 
89371.5 	 9969 	 992 	 8977 	 29.2 	 54.6 	 1.713524736 
89371.5 	 9977 	 687 	 9290 	 29.2 	 54.6 	 1.713524736 
89371.5 	 8933 	 325 	 8608 	 29.1 	 54.6 	 1.713524736 
89367.5 	 8895 	 205 	 8690 	 29.2 	 54.6 	 1.713524736 
92750.83333333333 	 8964 	 561 	 8403 	 28.9 	 54.6 	 1.713524736 
92744.83333333333 	 9930 	 185 	 9745 	 29.0 	 54.6 	 1.713524736 
89367.5 	 9921 	 375 	 9546 	 29.1 	 54.6 	 1.713524736 
89371.5 	 9954 	 184 	 9770 	 28.8 	 54.6 	 1.713524736 
92744.83333333333 	 8010 	 664 	 7346 	 28.9 	 54.6 	 1.713524736 
92744.83333333333 	 9927 	 499 	 9428 	 28.8 	 54.6 	 1.713524736 
92750.83333333333 	 8990 	 627 	 8363 	 28.4 	 54.6 	 1.713524736 
89371.5 	 9978 	 759 	 9219 	 28.9 	 54.6 	 1.713524736 
92750.83333333333 	 9932 	 482 	 9450 	 28.9 	 54.6 	 1.713524736 
92744.83333333333 	 9028 	 317 	 8711 	 28.9 	 54.6 	 1.713524736 
92760.83333333333 	 8965 	 676 	 8289 	 28.8 	 54.6 	 1.713524736 
89367.5 	 8953 	 198 	 8755 	 28.5 	 54.6 	 1.713524736 