timeFrame	TimeOverhead
2	10923
2	11232
2	11224
3	10405
2	11124
2	11004
2	11024
2	10882
2	10995
2	11116
2	11187
3	10368
3	10398
2	11037
3	10388
2	11209
2	11336
2	11159
2	11089
2	11200
2	10946
2	10966
3	10481
2	10977
2	10918
2	11221
2	11399
2	11212
2	11409
2	11263
2	11092
2	11142
3	10465
2	10941
2	11305
2	11125
2	11437
2	11388
2	11058
2	11202
2	11082
2	11112
2	11164
2	11364
2	11073
2	11012
2	11003
2	11053
2	11377
2	11346
2	11248
2	11537
2	11499
3	10530
2	11478
2	11427
3	10497
2	11176
3	16259
3	16129
3	16220
4	15355
3	16048
3	16251
4	15284
3	15904
5	14260
4	14908
3	16125
4	15146
4	14989
5	14308
5	14346
4	15398
5	14250
4	14947
4	15298
4	15021
3	16037
5	14236
3	16179
4	15352
5	14459
5	14470
4	15343
3	16018
3	16191
3	16090
4	15033
3	16189
4	15390
5	14437
4	15297
5	14349
5	14464
4	15284
5	14337
4	15158
4	15181
4	15271
4	15225
5	14323
3	16353
3	16438
4	15216
3	16456
3	16296
3	16356
4	15387
3	16144
3	16296
5	14408
3	16437
4	15563
3	16204
5	14425
3	16294
3	16113
3	16132
3	16406
4	15555
4	15526
3	16195
3	16267
4	15183
3	16248
3	16219
3	16388
5	14401
5	14542
3	16532
3	16272
4	15443
4	15199
4	15434
3	16183
4	15230
4	15537
4	15172
4	15618
5	14589
4	15310
3	16191
4	15198
4	15444
4	15595
4	15271
4	15436
3	16437
5	14559
3	16288
4	15367
5	14551
4	15610
5	14522
4	15217
3	16493
4	15381
4	15452
5	14696
4	15566
3	16572
4	15360
4	15440
4	15431
5	14493
4	15523
4	15339
4	15657
3	16496
5	14699
3	16238
3	16571
5	14652
6	18976
6	18888
6	19022
6	19008
5	19788
6	18978
5	19693
6	19118
6	18944
6	18989
5	19812
6	18968
5	19862
5	19785
5	19900
6	18929
5	19721
5	19870
5	19785
6	19139
5	19892
6	19217
5	19791
5	19964
6	19152
5	19939
5	19752
5	19848
6	19113
5	19795
6	19080
5	19894
6	19208
5	19830
6	19044
5	20011
6	19276
6	19099
6	19053
5	19891
6	19023
5	20057
6	19263
5	19832
6	19199
5	19945
5	20094
6	19035
5	19979
6	19324
5	20058
6	19314
6	19206
6	19089
6	19053
6	19079
6	19274
6	19126
6	29505
7	28821
6	29595
7	28916
7	28551
7	28581
7	28748
7	28818
7	28780
7	28617
7	28855
7	28908
7	28834
7	28685
6	29556
7	28840
7	28659
7	28788
7	28978
7	29052
7	29046
7	28725
6	29638
7	28692
7	29071
7	29071
6	29704
7	28735
7	28878
7	28848
6	29823
6	29713
6	29900
7	28878
7	29124
6	29844
7	28872
7	29134
7	29244
7	29324
7	29117
7	29040
6	30012
6	30043
6	30027
6	30134
6	30005
6	29989
6	30080
7	29355
7	29232
7	29176
6	30144
7	29412
7	29180
6	30151
7	29381
7	29537
7	36332
8	35656
8	35520
8	35577
8	35556
8	35436
8	35499
8	35692
8	35616
7	36330
8	35596
8	35857
7	36340
8	35449
8	35793
8	35446
8	35681
8	35414
8	35495
8	35879
7	36417
7	36462
7	36416
8	35778
8	35842
8	35655
8	35591
8	35925
8	35768
8	35945
8	36026
8	35620
8	35725
7	36597
7	36648
8	35740
8	35706
8	36032
8	36116
8	36106
8	35763
8	36097
8	35859
8	35949
8	35859
8	35842
8	36117
7	36688
8	36050
8	35894
8	36029
8	35915
7	36748
8	36101
8	35768
8	36060
8	36185
8	36009
9	36801
10	35967
10	35944
10	35942
9	36657
9	36742
9	37010
9	37118
9	37247
9	36995
9	37360
9	37263
9	37277
9	37393
9	37110
9	37055
9	37207
9	37018
9	37445
9	37114
9	37185
9	37395
10	36530
10	36510
9	37485
9	37286
9	37552
9	37346
9	37580
9	37214
9	37377
9	37169
9	37114
9	37336
9	37567
9	37328
9	37619
8	38145
9	37388
9	37241
9	37510
8	38188
9	37200
9	37284
9	37575
9	37376
9	37682
9	37283
9	37543
9	37563
9	37682
9	37523
10	36745
9	37396
9	37456
9	37646
9	37454
9	37338
10	42034
10	42070
10	41824
10	41869
11	41182
10	42016
11	41221
10	41851
11	41445
10	42270
10	42270
11	41456
10	42491
10	42290
10	42520
10	42179
10	42507
10	42304
10	42615
11	41517
10	42661
10	42639
10	42453
10	42291
11	41606
11	41664
11	41604
10	42519
10	42562
11	41563
10	42367
10	42383
10	42536
10	42484
10	42311
10	42636
11	41691
10	42531
10	42462
11	41655
10	42807
10	42801
11	41704
10	42666
10	42694
10	42588
10	42880
10	42823
10	42836
10	42809
11	41842
10	42776
10	42600
10	42672
10	42857
10	42821
10	42704
11	41889
13	47833
12	48655
11	49394
11	49575
11	49718
13	47405
12	48453
11	49435
12	48553
11	49541
12	48664
12	48675
11	49805
14	47445
12	49643
12	49306
12	49719
13	47983
12	49688
13	48215
12	49428
12	49511
14	47589
14	47758
13	48256
13	48071
13	48278
14	47813
12	49555
12	49537
12	49732
13	48750
12	49450
12	49715
14	47706
12	49691
14	47530
11	50504
13	48810
14	47592
13	48290
12	49671
13	48427
11	50636
14	47658
11	50693
13	48282
13	48498
14	47705
13	48614
14	47653
13	48432
11	50642
12	49857
11	50692
12	49711
13	48185
11	50594
14	47642
14	47740
11	50462
13	48153
12	49707
13	48313
13	48175
12	49553
12	49516
11	50679
12	49545
13	48361
11	50608
13	48327
14	47917
12	49601
11	50540
13	48372
14	47669
14	48035
11	50601
13	48428
13	48329
12	49881
13	48547
12	50052
11	50802
13	48579
11	50874
14	48008
11	50601
13	48570
13	48360
13	48333
13	48628
13	48509
11	50777
11	50678
14	47985
12	49878
13	48334
13	48773
13	49052
11	50871
12	49756
14	47755
13	49124
14	48057
12	49663
13	49108
13	48467
12	49716
13	48532
12	50125
14	47834
12	50152
13	48580
13	49172
12	50049
13	49093
12	49893
11	50841
11	51007
14	48203
14	47884
12	50203
12	49935
11	51056
12	50034
12	50011
12	50253
11	51034
14	47995
12	50122
14	48032
11	51118
13	48605
12	49790
11	50953
11	50848
11	51140
14	48062
13	49282
13	48549
14	48261
13	48617
14	48300
12	50005
12	50257
14	48171
11	51046
11	51180
11	50941
13	49261
12	49985
11	51075
12	50263
12	49975
13	48882
14	48104
14	48212
14	48350
14	48272
12	50226
14	48309
12	50344
12	50078
11	51015
13	48905
13	48880
15	49300
15	49081
15	49163
14	49967
15	49198
15	49225
15	48970
15	49281
15	49092
15	49352
14	49965
15	49078
14	50153
14	50289
15	49056
14	50359
15	49372
14	50112
14	50335
15	49364
15	49224
13	50806
15	49496
15	49224
15	49059
15	49213
15	49280
15	49151
15	49149
15	49114
15	49219
15	49315
15	49376
15	49436
15	49505
14	50429
14	50408
15	49771
14	50722
15	49915
15	49894
15	50209
15	50139
14	51175
15	50997
15	51002
15	50826
14	51780
15	51163
14	51789
14	51833
14	51873
15	51109
15	51175
14	51917
15	51365
14	51998
15	51248
15	51526
15	51462
15	51322
15	51526
15	51493
15	51472
16	51302
15	51980
16	51208
16	51272
16	51073
16	51428
16	51349
16	52003
16	52041
16	51850
16	52108
16	52018
16	52252
16	51941
16	52402
16	52394
16	51972
16	52288
16	52053
16	52261
16	52063
16	52343
16	52414
16	52350
16	52330
16	52489
16	52193
16	52500
16	52602
17	51584
16	52138
16	52273
16	52359
16	52231
16	52284
17	51636
16	52553
16	52526
16	52372
15	53191
16	52377
16	52295
16	52367
16	52229
16	52396
16	52244
16	52324
16	52368
17	51759
16	52745
16	52768
16	52744
17	51758
15	53328
16	52714
16	52494
15	53326
16	52590
17	53110
17	52991
17	53101
17	53311
18	52347
18	52312
17	53154
17	53070
17	53757
17	53484
17	53608
17	53545
17	53833
17	53690
18	52997
17	53802
17	53819
17	53921
17	53876
17	53822
17	54002
17	54038
18	53003
17	53832
17	53711
18	53119
17	53663
18	53063
18	53095
17	53721
17	54078
17	54041
18	53077
17	53779
17	53776
17	53843
17	53890
17	54036
17	53750
17	54125
17	54227
17	54097
17	53954
17	53808
17	54179
18	53213
17	53957
18	53264
17	53875
17	53926
17	54177
17	54048
17	54264
18	53352
17	54179
17	54104
18	53392
17	54361
18	58856
19	58107
18	58887
18	59013
18	59128
18	59066
18	59004
18	59042
18	59192
19	58644
19	58585
18	59274
18	59577
18	59477
19	58766
19	58780
19	58598
18	59647
19	58746
19	58789
18	59507
19	58709
18	59479
18	59648
18	59435
19	58820
18	59669
18	59441
18	59665
18	59644
18	59751
18	59553
19	58968
18	59711
19	58853
18	59575
18	59649
18	59895
18	59626
19	58977
19	59031
19	58908
18	59607
18	59955
19	58955
19	59028
18	59952
19	58998
18	59971
19	59023
18	59795
19	58926
18	59944
18	59693
18	59940
18	60057
18	59823
18	59850
19	61488
19	61381
20	60916
19	61439
20	60790
20	61000
20	60894
20	61341
20	61432
20	61381
20	61443
19	62011
20	61253
19	62042
19	61903
19	62242
19	61926
20	61342
19	62319
19	62263
19	61986
19	62154
19	62341
20	61433
19	62228
19	62521
19	62423
20	61766
19	62366
19	62385
20	61739
19	62524
20	61733
20	61613
20	61745
20	61636
19	62592
20	62051
19	62527
19	62783
19	62975
20	62267
20	62319
19	63045
19	62955
20	62205
19	62984
19	63028
20	62132
19	63025
20	62314
20	62264
19	62978
20	62225
20	62375
20	62205
19	62932
20	62186
20	66445
20	66323
21	65769
21	65616
21	65726
20	66450
21	65617
20	66473
21	65580
21	65593
21	65842
21	65860
21	65817
20	66488
21	65596
21	65853
21	65644
21	65830
20	66718
20	66664
20	66685
21	65801
21	66000
20	66748
21	65902
20	66791
21	66104
21	65860
21	65920
21	66055
21	65959
21	65958
21	66067
20	66769
20	66877
20	66752
21	65959
20	66865
21	65954
21	66204
20	66754
21	66077
20	66855
21	66229
21	65981
20	66801
20	66849
21	65953
21	66240
20	66802
21	65990
20	66955
21	67389
20	68196
20	68339
21	67447
21	67599
21	67593
22	67106
22	67455
22	67228
22	67327
22	67210
21	68118
22	68129
22	68068
22	68470
22	68257
21	69012
22	68363
22	68117
22	68442
22	68405
22	68501
22	68401
22	68360
22	68508
21	69126
22	68360
21	69119
21	69138
22	68262
22	68549
21	69308
21	69299
22	68375
21	69326
22	68401
22	68456
22	68557
21	69307
22	68690
22	68591
22	68687
22	68775
21	69391
22	68579
22	68410
21	69394
22	68655
22	68769
21	69428
22	68597
22	68535
22	68841
21	69505
22	68645
22	68909
22	68601
22	68506
22	68531
22	68645
22	68829
22	68713
21	69602
22	68609
22	70129
23	69525
23	69480
23	69333
23	70355
23	70351
23	70035
22	70975
23	70162
23	70380
23	70099
24	69554
23	70432
23	70360
23	70376
23	70472
23	70331
23	70151
23	70159
23	70133
23	70232
23	70495
22	71213
23	70402
23	70196
23	70311
23	70639
23	70380
23	70306
23	70541
23	70535
22	71266
23	70466
23	70749
23	70682
23	70757
22	71334
23	70713
23	70491
24	69851
23	70692
23	70640
23	70636
22	71434
23	70608
23	70883
23	70528
23	70632
23	70798
23	70966
23	70714
23	70995
23	70633
23	70530
23	70599
23	71076
23	70742
23	70845
24	72762
24	72832
24	72730
24	72711
25	72000
24	72922
25	72025
25	72057
24	72926
24	72966
24	72947
24	72745
24	72797
24	72649
24	72640
24	72680
24	73051
24	73092
24	73062
25	72235
24	73031
24	72840
24	72822
24	72871
24	73003
24	72804
24	72818
24	72937
24	73068
24	73037
24	73141
24	72902
25	72282
25	72314
24	73091
24	73032
24	72985
25	72317
24	73338
24	73327
24	73098
24	72979
24	73318
24	73280
24	73243
24	73184
24	73114
24	72945
24	73340
24	73334
24	73041
25	72770
24	73712
25	72757
24	73668
25	72896
24	73831
24	73956
25	73367
25	73592
25	73587
25	73268
25	73318
25	73409
25	73506
25	73998
25	74185
25	74225
25	74444
25	74462
26	73707
26	73855
26	73909
25	74725
25	74678
25	74703
25	74525
25	74967
25	74832
25	74888
26	74186
25	74985
25	75053
26	74236
25	74987
25	75057
26	74245
25	75235
26	74252
25	75261
25	74920
26	74255
25	74934
25	75054
25	75107
25	75347
25	75287
26	74391
26	74455
25	75419
26	74415
25	75112
26	74407
26	74387
25	75399
25	75339
25	75368
26	74559
25	75114
26	74603
26	74576
26	74607
26	74550
25	75281
25	75271
25	75481
27	74641
26	75458
27	74779
26	75398
26	75523
27	74752
27	74809
27	75298
26	76407
27	75520
26	76606
27	76040
26	77142
27	76254
26	77115
26	77016
27	76189
27	76259
26	77216
26	77091
27	76518
27	76274
27	76510
27	76494
27	76486
26	77272
26	77195
26	77213
27	76351
26	77369
27	76464
26	77173
26	77325
26	77339
27	76574
26	77267
26	77485
26	77220
27	76623
27	76666
26	77490
27	76719
26	77555
26	77259
26	77571
27	76615
27	76631
26	77378
26	77556
26	77447
26	77654
27	76652
26	77415
26	77508
26	77613
27	76682
26	77435
27	76790
27	80321
28	79122
28	79210
27	80326
28	79377
27	80275
27	80415
28	80232
28	79830
28	80050
27	81164
28	80429
27	81288
28	80464
28	80607
28	80456
28	80586
27	82054
27	82039
28	80993
28	80855
27	81863
28	80983
28	80958
28	80914
28	81167
27	82025
28	80797
28	80989
28	80889
28	81174
28	80889
28	81140
28	81537
27	82155
28	81153
27	82281
27	82156
28	81311
28	81295
28	81148
27	82373
27	82290
28	81271
28	81088
27	82251
28	81651
27	82399
27	82321
27	82453
28	81150
27	82396
28	81388
27	82424
27	82484
27	82325
27	82371
28	81363
29	82204
28	82915
29	83739
28	84374
29	83841
29	83796
30	82808
29	83634
28	84369
30	82708
29	83583
28	84318
30	82829
29	83979
29	83747
30	82795
30	82882
29	83815
30	82692
30	83123
29	84156
29	83699
30	82812
29	84059
29	84011
30	82884
30	82813
28	84550
30	82854
28	84440
29	84237
30	83173
30	83173
29	84223
30	83074
29	83848
29	83983
30	82812
29	84219
30	83254
30	83019
29	84290
30	83051
30	83228
28	84541
28	84615
29	84015
30	83144
30	83003
29	84242
29	84227
29	84009
28	84645
30	83003
29	84092
29	84138
30	83102
30	83276
28	84736
29	84309
30	83292
28	84734
29	84424
30	83316
30	83352
30	83311
30	83250
30	83399
29	84157
28	84757
29	84408
30	83076
29	84456
29	84491
30	83468
29	84361
29	84133
29	84379
28	84862
30	83439
30	83161
29	84107
29	84572
30	83164
30	83167
30	83221
30	83599
29	84200
29	84378
29	84431
30	83648
30	83329
29	84357
28	84980
29	84678
29	84582
29	84245
28	84927
30	83428
29	84302
29	84642
30	83612
30	83253
30	83539
29	84372
29	84427
29	84560
30	83774
30	83790
29	84532
28	85134
29	84448
30	83800
30	85239
30	85821
30	85643
31	81481
31	81482
31	81512
31	81855
31	81461
31	81715
32	80876
31	81637
31	81905
31	82020
31	81965
31	81778
31	81691
31	81683
31	81918
31	81977
31	82875
31	83150
32	82297
31	82925
31	83333
31	83214
31	83114
31	83084
31	83126
31	83037
32	82301
31	83351
31	83292
31	83071
31	83051
31	82934
31	83168
31	83400
31	83028
31	83009
31	82930
31	83317
31	83177
31	83588
31	83190
31	83275
32	83014
32	82972
31	83951
32	83119
31	83891
32	83168
31	83728
31	84147
31	84031
31	84031
31	83978
31	84143
31	84047
32	83278
31	84294
31	84226
32	83369
32	83425
32	83653
32	83656
33	83355
33	83577
32	84531
32	85037
32	84804
33	84304
32	85151
32	85030
33	84314
32	85093
32	85375
33	84539
33	84766
32	86060
33	85149
32	86057
32	86112
32	85888
32	85823
32	85762
33	85163
32	85797
32	85978
33	85120
33	85170
32	86061
32	85990
32	86144
32	86047
32	85893
32	86112
33	85273
32	86115
32	86060
32	85991
32	86301
33	85441
32	86318
33	85492
33	85398
32	86124
32	86330
32	86217
32	86327
33	85598
32	86194
33	85518
32	86421
32	86213
32	86292
32	86163
32	86309
32	86443
32	86586
33	85990
33	85891
34	85996
33	86583
33	86878
34	86024
33	86731
33	87064
34	86020
34	86506
33	87346
34	86547
33	87459
33	87797
33	88064
34	87621
34	87705
33	88414
34	87591
33	88748
33	88753
34	87706
35	86883
35	86799
35	86775
35	87022
33	88657
34	87670
35	86903
34	87907
35	86898
34	87903
35	86834
35	86978
35	87052
33	88910
33	88834
35	86918
33	88702
34	87915
33	88764
34	87998
33	88807
35	87096
35	86990
34	87754
33	88698
34	88176
33	88742
33	88808
33	88717
35	86941
34	87877
34	87912
35	86967
33	88885
34	88026
35	87172
34	88172
34	88239
34	87996
34	88010
33	89078
33	89075
35	87199
33	89014
34	88166
35	87272
33	89178
35	87064
34	87893
34	88263
33	89200
34	87947
33	89135
34	88197
35	87129
35	87182
34	88426
33	89173
35	87292
34	88293
35	87298
34	88203
33	89135
33	89091
34	88066
33	89096
35	87477
34	88495
34	88224
34	88376
34	88514
34	88423
35	87364
35	87527
34	88401
34	88635
34	89974
34	90654
34	90558
35	89896
34	90534
34	90705
35	89765
34	90716
34	90466
34	92360
35	91609
35	91604
35	91730
35	91789
35	91489
34	92338
34	92429
34	92475
36	92781
36	92558
36	92770
36	92668
36	92837
35	93569
36	92938
35	93641
36	92852
36	92774
36	92919
35	93575
36	92978
36	93120
35	93895
36	92924
35	93894
36	93273
36	92933
35	93891
36	92986
36	92971
36	93205
36	93111
36	93310
36	93108
36	93240
36	93215
35	93958
35	94108
36	93440
35	94100
36	93087
35	94044
35	94069
36	93445
35	94182
36	93318
36	93404
35	94139
36	93600
35	94310
36	93286
36	93332
36	93663
36	93498
36	93625
36	93471
36	96299
36	96021
35	97025
35	96957
36	96048
35	96964
36	96225
35	97015
36	96221
36	96463
37	96087
37	96143
37	96108
36	96928
37	96045
37	96071
37	96025
37	96234
37	96442
36	97105
37	96295
37	96324
37	96200
37	96267
36	97101
37	96189
37	96389
36	97178
37	96190
37	96547
37	96570
37	96314
36	97261
37	96667
37	96883
36	97790
36	97875
37	97186
37	97276
37	97160
37	97056
37	97401
37	97306
37	97090
37	97455
37	97519
37	97581
37	97461
37	97411
37	97490
37	97649
37	97553
37	97300
37	97516
37	97375
36	98280
37	97389
37	97335
37	97495
37	97339
37	97468
36	98437
37	97865
36	98395
37	100161
37	100075
37	100195
37	100262
39	99681
37	101296
38	100510
38	100766
38	100674
38	100681
38	100744
38	100408
38	100641
38	100569
38	100941
38	100593
38	100641
38	100896
38	100890
38	100691
38	100557
38	100993
38	100591
38	100763
38	100709
38	100667
38	101089
38	100688
37	101628
38	101051
39	100127
38	100913
38	101019
38	100817
38	101127
38	100926
39	100198
39	100182
38	101115
38	101172
38	100860
38	100768
38	101101
38	100896
38	100958
39	100298
38	100916
38	101147
38	101434
38	100987
38	101153
38	101260
38	101010
38	101317
38	101270
38	101413
39	100540
38	101334
39	102535
39	102402
39	102309
38	103602
38	103374
40	101633
40	101596
38	103486
38	103538
39	102579
39	102652
39	102537
39	102596
39	102462
39	102328
40	101652
39	102570
39	102749
39	102692
39	102469
39	102529
39	102842
40	101907
40	101946
39	102616
39	102930
40	102020
39	102643
39	102826
39	102747
40	102101
39	102794
39	102910
40	102038
39	102684
39	103079
40	102099
39	102753
39	102920
40	102114
39	103005
39	102942
39	102825
39	103172
40	102259
39	103067
39	103174
39	103015
40	102289
39	102933
39	103127
39	103147
39	102930
39	103254
41	103109
40	103663
40	103728
40	103771
41	103166
41	103091
41	103262
40	103788
40	104095
40	103920
40	103832
40	103984
41	103150
41	103270
40	104071
41	103328
40	104146
40	104199
41	103214
40	104161
40	104000
40	104416
39	105264
40	104289
41	103391
41	103343
41	103464
39	105187
39	105410
39	105098
39	105121
40	104474
40	104388
40	104413
39	105147
40	104357
41	103533
41	103440
41	103567
40	104219
40	104340
40	104192
41	103551
41	103517
40	104487
40	104317
41	103709
40	104425
40	104454
40	104470
40	104583
41	105661
41	105696
41	105638
42	104927
41	105599
42	104963
42	104885
42	104879
42	105002
41	105735
42	104857
42	104878
41	105718
41	105654
41	105918
41	105711
42	104929
41	105776
41	105924
42	105062
42	104997
41	106042
41	106003
42	105027
41	105827
42	105243
41	105971
42	105085
41	105992
40	107239
41	106171
41	106346
41	106244
42	105217
42	105412
42	105255
40	107185
40	107324
42	105206
40	107309
41	106152
40	107139
40	107236
40	107139
42	105352
42	105437
41	106531
41	106382
41	106426
40	107334
40	107161
40	107278
41	106222
42	105405
41	106156
41	106305
41	106323
41	106244
41	106290
41	106265
42	106422
42	106563
41	107749
42	106956
42	107020
42	107152
42	106956
42	107088
41	107806
42	107219
42	107466
42	107422
41	108216
43	106566
42	107775
43	106958
43	107048
43	106850
42	107920
42	107828
42	107817
42	107823
43	107287
43	107254
42	107985
42	107979
43	107106
43	107067
43	107348
43	107248
43	107320
43	107087
43	107391
43	107453
43	107280
43	107266
43	107159
42	108142
43	107419
43	107274
42	108100
43	107439
43	107407
43	107430
43	107506
43	107327
43	107498
43	107591
43	107324
43	107592
43	107487
42	108367
42	108429
42	109722
42	109684
43	109208
43	109000
44	109128
42	110898
43	109870
43	109847
42	110807
43	109807
43	110012
43	109844
42	110851
43	110238
43	109969
44	108900
44	109272
44	109035
43	109941
44	109206
44	109046
43	109969
43	110335
43	109910
44	109188
43	110193
42	111108
43	110289
42	111038
43	110173
44	109279
43	110011
42	111024
42	111057
44	109201
44	109345
43	110195
44	109501
44	109488
44	109367
44	109337
44	109593
44	109453
44	109578
44	109651
44	109743
44	109435
44	109399
43	110328
44	109635
44	109666
44	109365
44	109559
44	109827
44	109665
44	109506
44	109879
44	109467
44	109609
44	109515
44	109525
44	109722
43	110546
44	109571
44	109777
44	109986
44	110598
44	110926
44	110865
44	110603
44	110727
44	111031
44	112536
44	112395
43	113244
44	112273
45	114359
45	114814
45	114433
45	114660
45	114722
45	114677
44	115448
45	114934
45	114484
44	115494
45	114768
45	114833
45	114648
45	114782
45	114948
45	115117
45	114815
45	115120
45	115167
45	114931
45	115089
45	114999
45	114953
45	115031
45	114935
45	115307
45	115291
45	115125
45	115433
45	115364
45	115191
45	115298
45	115881
45	116899
46	116341
47	115456
46	116395
46	116276
46	116114
47	115499
46	116321
46	116097
46	116269
46	116504
46	116059
46	116251
46	116477
46	116092
46	116306
47	115662
46	116609
46	116650
46	116322
46	116260
46	116574
46	116350
45	117551
45	117615
46	116737
46	116517
46	116638
46	116688
45	117374
46	116745
46	116476
46	116740
44	118302
46	116612
45	117375
46	116589
46	116357
45	117537
46	116324
45	117649
45	117690
44	118302
46	116792
47	115699
46	116644
45	117328
46	116350
45	117835
46	116517
47	115835
45	117545
46	116768
47	115736
45	117455
46	116471
45	117443
47	115838
47	115828
45	117559
47	115869
47	115887
46	116792
46	116593
47	115866
45	117676
45	117566
45	117558
46	116840
46	116581
45	117890
46	116722
46	116644
45	117511
48	119057
48	119411
47	120316
47	120514
47	120449
47	120270
48	119719
46	121589
48	119765
47	120579
47	120682
46	121547
48	119682
47	120520
48	119821
46	121541
47	120672
46	121603
47	120516
47	120792
46	121693
46	121491
47	120715
47	120427
46	121544
46	121575
47	120650
47	120473
48	120042
48	119860
48	119950
47	120818
48	120786
48	120733
48	121167
49	120127
48	121123
49	120011
47	122092
47	122027
49	119989
48	121018
47	121831
49	120187
48	121191
48	121054
49	120025
47	121970
49	120142
48	121140
49	120211
47	122080
47	121885
47	122226
47	121953
47	122226
47	121999
48	121349
48	121052
47	122044
47	121937
48	121031
49	120257
49	120230
48	121340
48	121193
48	121379
49	120515
49	120504
47	122231
48	121152
48	121250
49	120420
49	120649
49	120676
47	122552
48	121285
48	121383
49	120545
48	121492
49	120581
49	120752
48	136800
48	137046
48	136821
48	136876
49	136298
48	137328
48	137041
47	138026
48	137412
49	136214
49	136384
47	138106
47	138186
49	136364
48	137210
48	137244
47	138339
48	137207
49	136302
49	136426
47	138280
47	138147
47	138179
49	136535
47	138408
48	137212
48	137429
47	138426
49	136438
48	137484
47	138406
48	137401
49	136517
48	137466
48	137384
48	137368
48	137533
48	137451
49	136692
49	138289
49	138395
50	137838
49	138472
49	138572
50	137845
50	137891
49	138642
49	138597
50	138077
49	138753
50	137946
50	137936
49	138826
50	138211
50	137923
50	138059
50	137945
50	137919
50	138045
50	138144
50	137981
50	138219
50	138252
50	138248
48	139841
50	138195
48	139948
48	139879
50	138101
49	139298
50	138142
49	139063
50	138202
50	138390
50	138413
49	138956
50	138141
50	138246
49	139133
49	139215
49	139199
49	139308
49	139356
50	138539
50	138380
50	138517
50	138397
49	139281
50	138611
49	139319
50	138728
50	138575
50	138696
50	139489
51	138816
51	138904
51	138937
51	138763
51	138770
51	138636
50	139763
50	139563
51	138694
49	140684
51	138839
49	140641
49	140620
51	138656
49	140770
50	139755
51	139082
50	139678
50	139814
49	140734
51	138901
51	139073
51	138824
51	139119
51	139149
50	139867
51	138870
51	139201
51	138921
51	139036
51	138904
51	138996
51	139282
51	139190
50	140001
50	140087
51	139158
50	140075
50	139990
51	139264
50	140048
51	139519
51	139445
51	139340
50	140132
51	139295
50	140190
51	139178
51	139199
51	139468
51	139498
51	139342
50	140258
51	139477
51	139710
51	139489
51	139513
51	139461
51	139727
51	139639
51	139477
52	140496
52	140643
52	140385
52	140788
53	139862
52	140916
52	140689
52	140509
52	140490
52	140679
52	140574
52	140977
52	140757
51	141493
52	140635
51	141539
52	140624
52	140690
52	140985
51	141600
52	140663
52	140839
52	140628
52	141034
52	141074
51	141669
52	140995
52	140880
52	141128
52	140975
52	140908
52	140965
52	141006
52	141015
52	140918
52	140909
52	141256
51	141875
52	140998
52	141043
52	140878
51	142251
52	141071
51	142354
50	143026
52	141249
50	143018
52	141025
52	141022
52	141058
53	141967
53	141921
53	142143
53	141989
53	142099
53	141956
53	142318
53	141908
53	142256
53	142086
54	141360
54	141342
53	142241
53	142391
53	142448
53	142437
53	142406
51	144061
53	142408
53	142244
53	142441
54	141525
52	143493
52	143576
53	142589
52	143546
53	142268
53	142372
52	143480
53	142238
52	143368
53	142611
52	143557
52	143381
52	143561
53	142217
53	142631
53	142332
53	142257
53	142297
52	143631
53	142464
53	142445
54	141745
52	143630
53	142656
53	142561
53	142799
53	142396
53	142697
54	141850
54	141955
53	142891
53	142547
53	142720
53	142533
53	142794
53	142837
53	142634
54	142064
54	143258
53	144351
54	143613
53	144354
53	144587
53	144583
54	143939
53	145097
54	143987
55	143208
54	144085
54	143928
54	143836
54	143882
54	143947
54	144159
55	143205
54	144312
54	144263
54	144233
55	143364
55	143318
54	144154
54	144227
55	143522
54	144446
54	144097
54	144111
55	143557
54	144266
55	143592
54	144448
54	144355
55	143575
55	143684
54	144357
55	143760
54	144587
54	144666
55	143716
54	144424
54	144628
54	144539
54	144654
54	144626
55	143864
54	144509
54	144676
55	143913
55	143977
54	144607
54	144968
55	144071
54	144979
54	145088
54	145021
53	145847
54	145037
53	145845
55	144244
54	145165
55	144360
54	145206
55	145105
55	146261
56	145483
55	146224
55	146160
55	146409
56	145475
55	146480
56	145564
56	145533
55	146424
56	145508
56	145623
56	145708
56	145759
55	146314
56	145628
55	146460
55	146723
55	146652
56	145954
55	146558
55	146785
56	146034
56	145873
55	146850
56	145950
56	146105
55	146850
55	147821
56	147025
55	147705
56	147118
55	149251
55	149100
56	148198
55	149131
56	148986
54	150666
54	150646
56	148991
56	148826
55	149829
54	150837
54	151160
56	149314
55	150136
55	150248
55	150183
55	150252
56	149742
55	150514
55	150687
55	150718
55	150408
56	149898
55	150519
56	149738
55	150510
56	149923
56	149791
55	150472
55	150523
57	150647
57	150809
56	151624
57	150814
56	151730
56	151772
57	150920
57	150895
57	151069
56	151663
57	150939
56	151701
57	151021
56	151917
57	151113
57	151146
57	150881
57	150949
56	151945
56	151891
57	151045
56	151843
57	151321
56	151950
56	152560
57	151780
56	152572
57	151778
56	152602
57	152000
56	152700
57	151920
57	153434
56	154446
56	154494
57	154231
58	153448
58	153388
57	154246
58	153705
58	153662
57	154379
57	154488
57	154485
57	154762
56	155505
57	154445
57	154460
58	153474
57	154778
56	155624
57	154727
58	153806
56	155537
58	153570
56	155601
58	153852
58	153901
56	155504
58	153615
58	153725
57	154756
58	153902
57	154719
57	154937
58	153885
58	153837
57	154921
57	155090
58	153719
57	154721
58	154080
58	154112
57	154824
57	155003
56	155777
56	155816
58	153981
58	154096
58	153851
57	155068
57	155188
56	155719
58	153952
57	155123
57	154930
58	153953
58	154197
58	154051
58	155119
58	155211
58	155516
58	155504
57	156345
58	155660
58	155417
57	156372
57	156432
58	155458
58	155784
58	156009
58	156195
57	156716
58	155817
58	156063
58	155982
57	156881
58	156196
57	156890
57	157055
58	156290
58	156271
57	157286
58	156485
58	156642
57	157357
59	157467
59	157425
59	157670
58	158357
59	157636
59	157567
59	157332
59	157725
59	157627
59	157757
59	157465
59	157997
59	157953
59	157934
59	157876
59	157798
59	157826
59	158077
59	157819
59	157953
59	158103
59	157914
59	157840
59	157784
59	158074
59	158044
59	158234
59	158273
58	158843
59	158242
59	157972
58	158847
59	158036
58	158838
59	163747
59	163685
59	163791
59	163346
59	163802
59	163659
59	163906
59	163416
59	163675
59	163434
59	163623
59	163619
59	163680
59	163713
58	164613
59	163877
59	163666
59	163831
58	164620
59	164004
59	164052
58	164710
59	163650
58	164665
61	164447
60	165447
60	164896
60	165491
60	165197
60	165259
60	165301
60	165298
60	165094
60	165128
60	165099
60	165259
60	165271
60	165271
60	165312
60	165408
60	165245
60	165825
61	164774
60	165492
60	165465
60	165518
60	165830
60	165593
61	164916
60	165846
60	165466
60	165816
61	165031
60	165712
60	165476
61	166036
61	165956
60	167234
61	166288
61	165936
60	166887
61	166344
60	167091
60	166967
61	166217
60	167163
61	165992
61	166329
60	166916
61	165935
62	165343
60	167378
61	166180
60	167157
61	166353
62	165443
60	166967
60	167200
61	166299
60	167190
61	166254
62	165532
60	167107
62	165411
61	166398
60	167291
60	167516
62	165464
61	166180
61	166132
62	165605
60	167002
60	167436
60	167185
61	166231
60	167134
61	166683
60	167482
60	167153
60	167504
61	166567
60	167190
61	166702
61	166435
60	167255
61	166695
61	166495
61	166590
61	166537
61	166364
61	166481
61	166835
61	166820
62	165812
61	166558
61	166694
62	165814
61	166724
62	165937
61	166706
61	166909
61	166890
62	166044
61	166805
61	166895
61	166881
61	167026
62	166105
62	166107
61	166833
61	166849
62	166175
62	166097
61	166848
62	166158
61	167017
63	168059
62	169113
63	168221
61	169941
61	169953
62	169181
62	169412
62	169064
61	170262
63	168348
62	169098
63	168456
63	168399
62	169094
63	168535
62	169121
62	169297
63	168464
63	168616
62	169391
62	169477
62	169375
62	169395
62	169288
62	169551
63	168673
62	169456
63	168598
63	168752
63	168684
63	168856
63	168804
62	169605
62	169611
63	168736
62	169559
63	168947
63	168762
62	169527
63	168913
62	169815
63	169005
62	169848
63	168957
62	169830
63	168850
62	169713
62	169930
62	169874
62	169645
63	168986
63	169051
62	169752
64	169398
64	169833
63	171450
64	170894
64	171163
65	170377
65	170356
64	171208
63	172138
65	170762
63	172398
64	171716
64	171679
64	173703
63	174275
63	174417
64	173662
64	173781
63	174530
63	174603
64	173772
64	173719
63	174618
64	173787
63	174454
64	173702
64	173722
64	173741
64	173844
64	173736
64	173768
63	174744
65	174206
63	175995
64	175351
63	176499
64	175690
65	174479
63	176483
63	176547
65	174598
65	174567
64	175694
64	175414
65	174707
64	175653
64	175535
64	175766
65	174480
65	174646
65	174617
65	174868
64	175733
63	176681
64	175478
64	175637
64	175805
64	175971
65	174699
63	176507
64	175608
63	176761
63	176560
65	174993
65	174964
64	175540
63	176632
65	175214
65	175104
63	176924
63	176854
65	175115
64	176310
63	176950
63	176939
64	176255
65	175046
63	177408
63	177152
63	177139
64	176522
65	175342
65	175219
64	176269
65	176360
64	177589
66	180858
66	180965
66	181128
66	180816
65	181803
65	181790