timeFrame	cpuPerc	memoryPerc	memoryUsed
1	4.2	64.5	1.340080128
2	8.3	64.5	1.340739584
3	18.8	64.5	1.341730816
4	14.4	64.5	1.34160384
5	25.5	64.6	1.343930368
6	21.4	64.7	1.34516736
7	14.3	64.7	1.345110016
8	14.6	65.9	1.37068544
9	19.2	67.6	1.405612032
10	18.4	69.4	1.443733504
11	36.1	71.5	1.48576256
12	100.0	73.5	1.528147968
13	18.6	73.5	1.52838144
14	18.4	73.5	1.528655872
15	20.4	73.9	1.53714688
16	24.0	76.0	1.580814336
17	46.9	80.7	1.67749632
18	24.5	83.7	1.739771904
19	18.9	86.8	1.805152256
20	22.9	90.5	1.881735168
21	41.4	93.1	1.936273408
22	93.0	94.3	1.959596032
23	63.6	95.2	1.978753024
24	17.5	95.2	1.978830848
26	17.3	95.2	1.978810368
27	37.0	95.2	1.979510784
28	17.3	95.2	1.979482112
29	18.8	95.3	1.980727296
30	44.4	95.6	1.987887104
31	15.5	95.6	1.988001792
32	26.5	95.6	1.988063232
33	15.6	95.7	1.988665344
34	14.6	95.7	1.99016448
35	99.0	95.8	1.992052736
36	33.3	96.1	1.9981312
37	20.4	96.1	1.998123008
38	21.6	96.1	1.998077952
39	15.5	96.1	1.998303232
40	21.6	96.1	1.998286848
41	19.4	96.1	1.998262272
42	26.3	96.1	1.99835648
43	20.8	96.1	1.998471168
44	18.7	96.2	1.999245312
45	20.6	96.2	2.0009984
46	92.9	96.7	2.010259456
47	90.0	96.6	2.009325568
48	31.6	96.6	2.009223168
49	25.8	96.7	2.009628672
50	18.4	96.7	2.009878528
51	18.8	96.7	2.009849856
52	37.0	96.7	2.01043968
53	16.0	96.7	2.0109312
54	15.6	96.7	2.010906624
55	100.0	96.8	2.012483584
56	58.8	96.8	2.012942336
57	32.7	96.9	2.013806592
58	28.1	96.9	2.014367744
59	14.3	96.9	2.014728192
60	9.3	96.9	2.01484288
61	19.6	96.9	2.014961664
62	20.6	96.9	2.015330304
63	19.2	96.9	2.015453184
64	17.0	97.0	2.015698944
65	39.0	97.0	2.016448512
66	24.0	97.0	2.017452032
67	13.5	97.0	2.01742336
68	13.5	97.0	2.017411072
69	100.0	97.1	2.01854976
70	40.4	97.0	2.015821824
71	35.4	96.7	2.011430912
72	19.8	96.5	2.005917696
73	15.6	96.2	1.999286272
74	14.6	95.8	1.99272448
75	18.6	95.5	1.98623232
76	18.4	95.3	1.980719104
77	24.7	95.1	1.97787648
78	37.8	94.9	1.97312512
79	15.5	94.6	1.966518272
80	23.7	94.1	1.956163584
81	15.5	93.8	1.949687808
82	20.0	93.5	1.943412736
83	24.2	93.4	1.94095104
84	17.5	93.4	1.94107392
85	98.0	93.4	1.941184512
86	48.0	93.4	1.94093056
87	37.9	93.4	1.940893696
88	14.6	93.4	1.941393408
89	25.5	93.4	1.94148352
90	17.7	93.4	1.941454848
91	18.4	93.4	1.941446656
92	32.0	93.4	1.94183168
93	15.5	93.4	1.942409216
94	17.5	93.4	1.942396928
95	42.3	93.9	1.951461376
96	100.0	94.1	1.95616768
97	46.5	94.2	1.957605376
98	14.6	94.2	1.957707776
99	14.4	94.2	1.957830656
100	9.5	94.2	1.957941248
101	22.2	94.2	1.958060032
102	30.0	94.2	1.958428672
103	29.9	94.2	1.958670336
104	13.7	94.2	1.958658048
105	15.5	94.2	1.958641664
106	15.6	94.2	1.958637568
107	29.6	94.2	1.958981632
108	15.5	94.2	1.959026688
109	19.4	94.3	1.959694336
110	17.7	94.3	1.959682048
111	100.0	94.3	1.959673856
112	76.8	94.6	1.96657152
113	15.5	94.6	1.966518272
114	17.3	94.6	1.966628864
115	32.0	94.6	1.966985216
116	18.4	94.6	1.967620096
117	31.6	94.7	1.968480256
118	15.5	94.7	1.968472064
119	16.5	94.7	1.969098752
120	17.5	94.7	1.969831936
121	16.8	94.8	1.971224576
122	100.0	96.1	1.99712768
123	70.4	97.1	2.017964032
124	18.6	97.1	2.018213888
125	43.9	97.1	2.019135488
126	13.5	97.1	2.019237888
127	7.3	97.1	2.019233792
128	22.2	97.1	2.019586048
129	32.0	97.2	2.020204544
130	22.7	97.2	2.020814848
131	14.7	97.2	2.020810752
132	16.7	97.2	2.020929536
133	13.5	97.2	2.021175296
134	14.6	97.2	2.021289984
135	12.6	97.2	2.021531648
136	16.7	97.2	2.021650432
137	21.4	97.3	2.022150144
138	99.0	97.8	2.03360256
139	62.2	98.5	2.047463424
140	20.2	98.5	2.047578112
141	17.7	98.5	2.047574016
142	48.0	98.5	2.048032768
143	16.5	98.5	2.048004096
144	15.6	98.5	2.048004096
145	27.3	98.5	2.047975424
146	16.7	98.5	2.047975424
147	32.7	98.5	2.048299008
148	15.5	98.5	2.048364544
149	100.0	98.5	2.048602112
150	58.6	98.2	2.041442304
151	22.0	98.2	2.041499648
152	19.8	98.2	2.041462784
153	19.6	98.2	2.04140544
154	21.9	98.2	2.041339904
155	87.1	98.2	2.041810944
156	15.3	98.2	2.041765888
157	16.2	98.2	2.04173312
158	30.9	98.2	2.041602048
159	16.5	98.3	2.043244544
160	100.0	98.2	2.0424704
161	94.1	98.2	2.042413056
162	19.6	98.0	2.037477376
163	18.4	97.7	2.031415296
164	35.4	97.5	2.026180608
165	15.8	97.2	2.020233216
166	32.7	97.0	2.015899648
167	28.6	96.7	2.011152384
168	18.2	96.5	2.006552576
169	13.4	96.5	2.006654976
170	16.5	96.5	2.00665088
171	15.3	96.5	2.006642688
172	19.1	96.5	2.006626304
173	14.4	96.5	2.006622208
174	17.9	96.5	2.006740992
175	17.5	96.5	2.006986752
176	100.0	96.5	2.00716288
177	100.0	96.6	2.008866816
178	38.0	96.6	2.008973312
179	40.2	96.7	2.009616384
180	21.4	96.7	2.00955904
181	18.4	96.7	2.009554944
182	32.7	96.7	2.010161152
183	16.5	96.7	2.010140672
184	22.7	96.7	2.010140672
185	100.0	96.7	2.010349568
186	61.9	96.6	2.008563712
187	27.8	96.3	2.002804736
188	25.3	96.1	1.9970048
189	22.9	95.8	1.991151616
190	16.7	95.6	1.987203072
191	25.0	95.3	1.980964864
192	16.7	95.3	1.9807232
193	24.5	95.3	1.980657664
194	15.2	95.3	1.980612608
195	15.5	95.3	1.980608512
196	16.3	95.3	1.980596224
197	25.0	95.3	1.980674048
198	16.7	95.3	1.981456384
199	17.5	95.3	1.981403136
200	100.0	95.3	1.9815424
201	72.2	95.3	1.981497344
202	50.0	95.3	1.98139904
203	19.4	95.3	1.981513728
204	16.8	95.3	1.981620224
205	17.2	95.3	1.981607936
206	18.8	95.4	1.98279168
207	26.0	95.4	1.983541248
208	17.3	95.4	1.983643648
209	26.8	95.4	1.983885312
210	18.4	95.4	1.983991808
211	20.0	95.4	1.983991808
212	29.9	95.4	1.984073728
213	99.0	95.4	1.984221184
214	44.9	95.4	1.984344064
215	15.5	95.4	1.984335872
216	16.5	95.5	1.984462848
217	35.4	95.5	1.98457344
218	33.3	95.5	1.984585728
219	16.7	95.5	1.984708608
220	15.6	95.5	1.984704512
221	16.7	95.5	1.984815104
222	36.7	95.5	1.985056768
223	18.7	95.9	1.99479296
224	99.0	97.4	2.024542208
225	66.0	98.5	2.047582208
226	36.1	98.5	2.047823872
227	14.4	98.5	2.047811584
228	16.7	98.5	2.047926272
229	16.7	98.5	2.04791808
230	17.9	98.5	2.048036864
231	41.4	98.5	2.048212992
232	19.4	98.5	2.048233472
233	18.0	98.5	2.048344064
234	12.5	98.5	2.048339968
235	14.3	98.5	2.048335872
236	19.6	98.5	2.04834816
237	100.0	98.5	2.048299008
238	90.0	98.5	2.047930368
239	17.9	98.2	2.041561088
240	8.3	97.9	2.035331072
241	29.9	97.6	2.029989888
242	36.7	97.4	2.025639936
243	21.4	97.1	2.019250176
244	37.5	96.9	2.01449472
245	21.2	96.6	2.0082688
246	21.9	96.3	2.002231296
247	92.9	96.8	2.012143616
248	81.0	97.1	2.01910272
249	15.5	97.1	2.019098624
250	28.1	97.1	2.019577856
251	17.7	97.1	2.019569664
252	31.2	97.1	2.019540992
253	28.0	97.1	2.01949184
254	14.4	97.1	2.019487744
255	15.6	97.1	2.019479552
256	17.3	97.1	2.01959424
257	24.5	97.1	2.019581952
258	21.1	97.1	2.019700736
259	100.0	97.2	2.020171776
260	88.9	97.2	2.020073472
261	35.7	97.2	2.019893248
262	22.1	97.2	2.019872768
263	15.5	97.2	2.019971072
264	16.3	97.2	2.019954688
265	16.7	97.2	2.020069376
266	17.5	97.2	2.02006528
267	25.3	97.2	2.020179968
268	21.0	97.2	2.020179968
269	18.6	97.2	2.020204544
270	17.5	97.2	2.020323328
271	23.2	97.2	2.020306944
272	100.0	97.2	2.020954112
273	86.9	97.2	2.02039296
274	24.5	97.2	2.02037248
275	17.5	97.2	2.020864
276	16.7	97.2	2.020851712
277	28.6	97.2	2.021064704
278	15.8	97.2	2.021179392
279	19.0	97.2	2.021167104
280	28.6	97.2	2.021289984
281	17.5	97.2	2.021281792
282	36.7	97.2	2.021527552
283	100.0	97.2	2.0215808
284	56.1	97.2	2.02135552
285	15.6	96.9	2.014584832
286	26.8	96.6	2.008518656
287	16.7	96.4	2.004516864
288	12.8	96.4	2.004586496
289	29.3	96.4	2.004557824
290	14.4	96.4	2.00464384
291	16.3	96.5	2.005467136
292	14.6	96.5	2.005409792
293	21.1	96.5	2.005528576
294	18.6	96.5	2.006020096
295	19.2	96.5	2.006142976
296	25.5	96.5	2.006126592
297	100.0	96.5	2.006626304
298	90.9	96.7	2.010247168
299	13.4	96.7	2.010226688
300	11.7	96.7	2.010218496
301	19.6	96.7	2.010345472
302	21.6	96.7	2.010578944
303	4.1	96.7	2.010570752
304	4.1	96.7	2.010570752
305	2.1	96.7	2.010570752
306	2.1	96.7	2.010570752
307	20.4	96.7	2.011271168
6	24.7	85.1	1.768472576
7	20.0	87.0	1.808089088
8	34.7	89.0	1.849585664
9	18.5	90.9	1.889058816
10	21.3	93.4	1.942126592
11	22.3	96.6	2.00865792
12	33.3	98.1	2.039300096
13	25.5	99.1	2.060685312
15	12.1	99.0	2.05758464
16	8.6	99.1	2.060775424
17	10.9	99.2	2.062802944
18	12.5	97.3	2.023911424
19	13.7	97.3	2.023018496
20	39.1	99.1	2.06055424
21	61.1	98.5	2.047729664
22	44.3	98.9	2.055430144
23	90.0	98.5	2.046898176
24	68.7	98.4	2.045227008
25	46.9	98.6	2.049880064
26	26.3	98.6	2.049847296
27	22.0	98.7	2.051784704
28	21.9	98.8	2.053791744
29	28.4	99.0	2.058313728
30	76.3	99.0	2.058186752
31	95.0	99.6	2.069921792
32	30.1	99.0	2.058375168
33	66.0	99.0	2.058747904
34	52.1	86.4	1.7972224
35	20.8	86.5	1.797931008
36	21.1	86.5	1.799254016
37	25.8	86.6	1.800671232
38	81.6	87.0	1.808523264
39	88.8	87.2	1.813061632
40	18.5	87.1	1.809870848
41	24.5	86.9	1.806999552
42	27.7	86.9	1.807654912
43	18.3	87.0	1.808326656
44	21.1	87.0	1.808560128
45	23.2	87.0	1.808805888
46	21.3	87.0	1.809055744
47	21.1	87.0	1.809465344
48	23.2	87.1	1.810505728
49	25.8	87.1	1.810755584
50	21.9	87.1	1.810866176
51	78.8	87.1	1.811492864
52	98.0	88.2	1.833783296
53	48.4	88.3	1.836101632
54	24.0	88.5	1.839210496
55	20.2	88.5	1.839296512
56	21.1	88.5	1.83953408
57	29.9	88.5	1.840631808
58	28.0	88.5	1.840623616
59	23.2	88.6	1.841246208
60	22.1	88.6	1.841238016
61	20.2	88.6	1.841983488
62	78.8	88.8	1.84629248
63	84.0	91.7	1.905958912
64	45.7	91.8	1.907867648
65	19.6	91.8	1.908953088
66	21.3	91.8	1.909510144
67	30.1	91.9	1.911197696
68	24.2	92.0	1.911697408
69	20.2	92.0	1.911947264
70	31.3	92.0	1.91318016
71	19.1	92.0	1.913389056
72	30.9	92.1	1.913856
73	18.9	92.1	1.914228736
74	21.6	92.1	1.914601472
75	19.4	92.1	1.914847232
76	20.2	92.1	1.915219968
77	85.9	92.4	1.920671744
78	68.7	93.7	1.948884992
79	17.4	93.8	1.949261824
80	22.1	93.8	1.949380608
81	23.4	93.8	1.9500032
82	35.4	93.8	1.9508224
83	35.7	93.9	1.951567872
84	19.4	93.9	1.951809536
85	24.2	93.7	1.948745728
86	51.5	93.7	1.948762112
87	100.0	93.9	1.952038912
88	67.7	94.0	1.954455552
89	17.2	94.0	1.954697216
90	18.3	94.0	1.954942976
91	18.9	94.0	1.95493888
92	33.0	94.1	1.956806656
93	32.3	94.2	1.9577856
94	17.2	94.2	1.95803136
95	25.0	94.2	1.95784704
96	16.1	94.2	1.957834752
97	21.4	94.2	1.95794944
98	22.9	94.2	1.9587072
99	33.7	94.2	1.958068224
100	20.8	94.2	1.958313984
101	21.9	94.2	1.958551552
102	32.6	94.3	1.959534592
103	19.6	94.3	1.959522304
104	20.0	94.3	1.959514112
105	20.0	94.3	1.959510016
106	84.0	94.5	1.964199936
107	81.2	95.9	1.993519104
108	24.0	95.9	1.993916416
109	21.5	95.9	1.994031104
110	21.3	95.9	1.994022912
111	24.5	95.9	1.994141696
112	48.5	96.0	1.995460608
113	20.2	96.0	1.995452416
114	20.2	96.0	1.995444224
115	22.1	96.0	1.9954688
116	85.9	96.0	1.995841536
117	98.0	97.8	2.032586752
118	28.7	97.9	2.034864128
119	19.1	97.9	2.03524096
120	20.0	97.9	2.035359744
6	24.7	85.1	1.768472576
7	20.0	87.0	1.808089088
8	34.7	89.0	1.849585664
9	18.5	90.9	1.889058816
10	21.3	93.4	1.942126592
11	22.3	96.6	2.00865792
12	33.3	98.1	2.039300096
13	25.5	99.1	2.060685312
15	12.1	99.0	2.05758464
16	8.6	99.1	2.060775424
17	10.9	99.2	2.062802944
18	12.5	97.3	2.023911424
19	13.7	97.3	2.023018496
20	39.1	99.1	2.06055424
21	61.1	98.5	2.047729664
22	44.3	98.9	2.055430144
23	90.0	98.5	2.046898176
24	68.7	98.4	2.045227008
25	46.9	98.6	2.049880064
26	26.3	98.6	2.049847296
27	22.0	98.7	2.051784704
28	21.9	98.8	2.053791744
29	28.4	99.0	2.058313728
30	76.3	99.0	2.058186752
31	95.0	99.6	2.069921792
32	30.1	99.0	2.058375168
33	66.0	99.0	2.058747904
34	52.1	86.4	1.7972224
35	20.8	86.5	1.797931008
36	21.1	86.5	1.799254016
37	25.8	86.6	1.800671232
38	81.6	87.0	1.808523264
39	88.8	87.2	1.813061632
40	18.5	87.1	1.809870848
41	24.5	86.9	1.806999552
42	27.7	86.9	1.807654912
43	18.3	87.0	1.808326656
44	21.1	87.0	1.808560128
45	23.2	87.0	1.808805888
46	21.3	87.0	1.809055744
47	21.1	87.0	1.809465344
48	23.2	87.1	1.810505728
49	25.8	87.1	1.810755584
50	21.9	87.1	1.810866176
51	78.8	87.1	1.811492864
52	98.0	88.2	1.833783296
53	48.4	88.3	1.836101632
54	24.0	88.5	1.839210496
55	20.2	88.5	1.839296512
56	21.1	88.5	1.83953408
57	29.9	88.5	1.840631808
58	28.0	88.5	1.840623616
59	23.2	88.6	1.841246208
60	22.1	88.6	1.841238016
61	20.2	88.6	1.841983488
62	78.8	88.8	1.84629248
63	84.0	91.7	1.905958912
64	45.7	91.8	1.907867648
65	19.6	91.8	1.908953088
66	21.3	91.8	1.909510144
67	30.1	91.9	1.911197696
68	24.2	92.0	1.911697408
69	20.2	92.0	1.911947264
70	31.3	92.0	1.91318016
71	19.1	92.0	1.913389056
72	30.9	92.1	1.913856
73	18.9	92.1	1.914228736
74	21.6	92.1	1.914601472
75	19.4	92.1	1.914847232
76	20.2	92.1	1.915219968
77	85.9	92.4	1.920671744
78	68.7	93.7	1.948884992
79	17.4	93.8	1.949261824
80	22.1	93.8	1.949380608
81	23.4	93.8	1.9500032
82	35.4	93.8	1.9508224
83	35.7	93.9	1.951567872
84	19.4	93.9	1.951809536
85	24.2	93.7	1.948745728
86	51.5	93.7	1.948762112
87	100.0	93.9	1.952038912
88	67.7	94.0	1.954455552
89	17.2	94.0	1.954697216
90	18.3	94.0	1.954942976
91	18.9	94.0	1.95493888
92	33.0	94.1	1.956806656
93	32.3	94.2	1.9577856
94	17.2	94.2	1.95803136
95	25.0	94.2	1.95784704
96	16.1	94.2	1.957834752
97	21.4	94.2	1.95794944
98	22.9	94.2	1.9587072
99	33.7	94.2	1.958068224
100	20.8	94.2	1.958313984
101	21.9	94.2	1.958551552
102	32.6	94.3	1.959534592
103	19.6	94.3	1.959522304
104	20.0	94.3	1.959514112
105	20.0	94.3	1.959510016
106	84.0	94.5	1.964199936
107	81.2	95.9	1.993519104
108	24.0	95.9	1.993916416
109	21.5	95.9	1.994031104
110	21.3	95.9	1.994022912
111	24.5	95.9	1.994141696
112	48.5	96.0	1.995460608
113	20.2	96.0	1.995452416
114	20.2	96.0	1.995444224
115	22.1	96.0	1.9954688
116	85.9	96.0	1.995841536
117	98.0	97.8	2.032586752
118	28.7	97.9	2.034864128
119	19.1	97.9	2.03524096
120	20.0	97.9	2.035359744
121	22.3	97.9	2.035851264
122	36.7	97.9	2.0363264
123	19.8	97.9	2.036310016
124	21.9	98.0	2.036432896
125	21.3	98.0	2.03655168
126	20.2	98.0	2.037075968
127	28.4	98.0	2.037325824
128	87.6	98.0	2.038468608
129	97.0	98.1	2.039222272
130	20.4	97.9	2.035064832
131	31.3	97.7	2.030592
132	20.4	97.5	2.026135552
133	21.1	97.2	2.021810176
134	32.3	97.1	2.018123776
135	23.2	96.8	2.01316352
136	26.3	96.6	2.008895488
137	38.1	96.4	2.003800064
138	19.4	96.2	1.999089664
139	21.3	95.9	1.99462912
140	19.6	95.7	1.990017024
141	24.0	95.5	1.985851392
142	25.8	95.3	1.981526016
143	91.0	95.3	1.980588032
144	86.9	95.3	1.98035456
145	17.0	95.3	1.980346368
146	18.9	95.3	1.980465152
147	31.2	95.3	1.980563456
148	18.9	95.3	1.980792832
149	23.2	95.3	1.980911616
150	27.8	95.3	1.981186048
151	23.2	95.3	1.981423616
152	43.3	95.3	1.982001152
153	18.7	95.3	1.981984768
154	18.3	95.3	1.982103552
155	33.3	95.4	1.983799296
156	24.2	95.4	1.982889984
157	16.0	95.4	1.982844928
158	17.2	95.4	1.983086592
159	92.9	95.4	1.983074304
160	54.2	95.4	1.98305792
161	20.8	95.4	1.983299584
162	46.9	95.4	1.983909888
163	15.2	95.4	1.983893504
164	22.9	95.4	1.983885312
165	19.1	95.4	1.98387712
166	19.0	95.4	1.983873024
167	17.6	95.4	1.983991808
168	35.4	95.5	1.985077248
169	15.6	95.5	1.985101824
170	18.9	95.5	1.985097728
171	20.0	95.5	1.985089536
172	32.4	95.5	1.985073152
173	19.4	95.5	1.985056768
174	34.0	95.5	1.985396736
175	95.0	95.5	1.985769472
176	60.0	95.5	1.985998848
177	20.8	95.3	1.981251584
178	16.3	95.3	1.98047744
179	20.0	95.3	1.980469248
180	20.0	95.3	1.980583936
181	34.4	95.3	1.980551168
182	29.9	95.3	1.980837888
183	18.9	95.3	1.980952576
184	20.0	95.3	1.980944384
185	20.8	95.3	1.981067264
186	19.4	95.3	1.981186048
187	34.7	95.3	1.981534208
188	21.4	95.3	1.98152192
189	97.0	95.3	1.981640704
190	54.2	95.3	1.981636608
191	21.9	95.3	1.981997056
192	29.2	95.4	1.9833856
193	59.2	95.4	1.983000576
194	18.9	95.4	1.982992384
195	19.8	95.4	1.982984192
196	17.4	95.4	1.982980096
197	27.7	95.4	1.983082496
198	19.1	95.4	1.983193088
199	31.6	95.4	1.983410176
200	20.0	95.4	1.984274432
201	20.2	95.4	1.984372736
202	33.3	95.5	1.984589824
203	99.0	95.5	1.984704512
204	45.8	95.5	1.98469632
205	17.0	95.5	1.984688128
206	25.0	95.5	1.984679936
207	21.9	95.5	1.984671744
208	48.0	95.5	1.98565888
209	22.9	95.6	1.986678784
210	18.9	95.6	1.986670592
211	19.8	95.6	1.98678528
212	27.1	95.6	1.987018752
213	19.8	95.6	1.987006464
214	17.6	95.6	1.987121152
215	25.8	95.6	1.987239936
216	19.1	95.6	1.98723584
217	100.0	95.6	1.987354624
218	63.3	95.6	1.98785024
219	20.2	95.6	1.987846144
220	64.3	95.6	1.988083712
221	22.4	95.6	1.987928064
222	18.6	95.6	1.988046848
223	18.7	95.6	1.98803456
224	18.1	95.6	1.988022272
225	17.9	95.6	1.988018176
226	24.5	95.6	1.988009984
227	21.3	95.6	1.988476928
228	25.8	95.6	1.988501504
229	100.0	95.6	1.988489216
230	57.0	95.6	1.988476928
231	23.7	95.6	1.988468736
232	58.2	95.7	1.990291456
233	29.7	95.7	1.9902464
234	18.8	95.7	1.990234112
235	18.9	95.7	1.990352896
236	19.6	95.7	1.9903488
237	28.6	95.8	1.99084032
238	32.6	95.8	1.991565312
239	14.3	95.8	1.99153664
240	21.6	95.8	1.991565312
241	29.2	95.8	1.991917568
242	17.9	95.8	1.992167424
243	17.0	95.8	1.992282112
244	100.0	95.8	1.9923968
245	47.9	95.8	1.99251968
246	34.7	95.9	1.993158656
247	41.1	95.8	1.992368128
248	24.7	95.8	1.992450048
249	16.8	95.8	1.99243776
250	19.8	95.8	1.992433664
251	18.1	95.8	1.992425472
252	22.1	95.8	1.99241728
253	16.5	95.8	1.992536064
254	22.9	95.8	1.99268352
255	23.2	95.9	1.992876032
256	22.7	95.9	1.992998912
257	22.7	95.9	1.992982528
258	100.0	95.9	1.993375744
259	92.9	95.9	1.99335936
260	17.0	95.9	1.993351168
261	17.4	95.9	1.993474048
262	26.9	95.9	1.993580544
263	20.0	95.9	1.99368704
264	29.5	95.9	1.99380992
265	22.7	95.9	1.993928704
266	18.8	95.9	1.994051584
267	29.8	95.9	1.994141696
268	17.4	95.9	1.994600448
269	17.0	95.9	1.994674176
270	20.0	95.9	1.994665984
271	26.0	95.9	1.994756096
272	24.2	95.9	1.994747904
273	98.0	96.0	1.995350016
274	89.1	95.9	1.994194944
275	20.8	95.9	1.994186752
276	21.1	95.9	1.994149888
277	28.4	95.9	1.994244096
278	20.8	95.9	1.994612736
279	21.3	95.9	1.994604544
280	41.8	95.9	1.994698752
281	19.6	95.9	1.99469056
282	17.0	95.9	1.994686464
283	20.8	95.9	1.994678272
284	24.2	95.9	1.99477248
285	24.2	96.0	1.994862592
286	18.3	96.0	1.99497728
287	19.8	96.0	1.995096064
288	21.4	96.0	1.995083776
289	20.6	96.0	1.99520256
290	24.5	96.0	1.99542784
291	100.0	96.1	1.996955648
292	67.0	96.1	1.99798784
293	20.0	95.9	1.993375744
294	21.9	95.6	1.988517888
295	23.2	95.4	1.98443008
296	28.7	95.3	1.980575744
297	31.2	95.1	1.977233408
298	30.3	94.9	1.972563968
299	19.6	94.7	1.968201728
300	17.4	94.4	1.963528192
301	21.5	94.2	1.959206912
302	21.3	94.0	1.954750464
303	23.2	93.8	1.950285824
304	27.1	93.7	1.947717632
305	53.6	93.7	1.947795456
306	100.0	93.7	1.947910144
307	51.5	93.6	1.946021888
308	19.8	93.4	1.941839872
309	22.8	93.2	1.9377152
310	29.9	93.0	1.933705216
311	17.6	92.8	1.929207808
312	22.6	92.5	1.923989504
313	21.7	92.3	1.919803392
314	19.1	92.2	1.91721472
315	21.9	92.2	1.917202432
316	15.6	92.2	1.917321216
317	21.1	92.2	1.917304832
318	19.4	92.2	1.91729664
319	26.6	92.2	1.917292544
320	23.2	92.8	1.929043968
321	100.0	94.0	1.953742848
322	71.1	95.2	1.979449344
323	64.2	95.2	1.980137472
324	20.0	95.2	1.98012928
325	24.0	95.2	1.980116992
326	17.9	95.2	1.9801088
327	30.5	95.3	1.980469248
328	18.9	95.3	1.98045696
329	36.5	95.3	1.980452864
330	18.9	95.3	1.98043648
331	17.4	95.3	1.980428288
332	27.7	95.3	1.980534784
333	100.0	95.3	1.980526592
334	61.5	95.3	1.980305408
335	22.3	95.2	1.980248064
336	27.8	95.3	1.980370944
337	21.3	95.3	1.980362752
338	47.4	95.3	1.980534784
339	18.1	95.3	1.980526592
340	20.8	95.3	1.980510208
341	17.2	95.3	1.980502016
342	29.9	95.3	1.980481536
343	16.1	95.3	1.980469248
344	25.0	95.3	1.980522496
345	39.8	95.3	1.98121472
346	17.0	95.3	1.981206528
347	100.0	95.3	1.981456384
348	47.4	95.3	1.981702144
349	16.1	95.3	1.98187008
350	31.9	95.3	1.982119936
351	16.7	95.3	1.982111744
352	20.0	95.3	1.982099456
353	26.3	95.4	1.983000576
354	17.9	95.4	1.982992384
355	17.9	95.4	1.983107072
356	18.9	95.4	1.983094784
357	31.3	95.4	1.983193088
358	18.1	95.4	1.983184896
359	36.1	95.4	1.983504384
360	17.9	95.4	1.983488
361	16.5	95.4	1.983578112
362	32.0	95.4	1.983668224
363	15.6	95.4	1.983660032
364	23.2	95.4	1.98365184
365	100.0	95.4	1.983893504
366	51.0	95.4	1.983885312
367	26.4	95.4	1.984262144
368	20.8	95.4	1.984413696
369	21.5	95.4	1.984401408
370	22.1	95.4	1.98438912
371	23.7	95.4	1.984380928
372	51.0	95.5	1.984663552
373	21.1	95.5	1.985130496
374	18.3	95.5	1.985380352
375	100.0	97.1	2.018504704
376	85.7	97.9	2.036207616
377	30.3	97.9	2.03630592
378	15.2	97.9	2.036297728
379	15.1	98.0	2.036420608
380	21.1	97.9	2.03640832
381	19.1	97.9	2.036396032
382	33.7	98.0	2.0366336
383	16.7	98.0	2.036621312
384	19.1	98.0	2.03661312
385	16.0	98.0	2.036736
386	18.1	98.0	2.036711424
387	24.5	98.0	2.036830208
388	29.9	98.0	2.036928512
389	17.2	98.0	2.036908032
390	18.7	98.0	2.037030912
391	21.9	98.0	2.037014528
392	29.5	98.0	2.037116928
393	19.1	98.0	2.03773952
394	98.0	98.0	2.03798528
395	56.1	97.9	2.036330496
396	25.5	97.7	2.031276032
397	26.5	97.5	2.026708992
398	18.3	97.4	2.024394752
399	24.2	97.4	2.02438656
400	23.7	97.4	2.02463232
401	21.1	97.4	2.024615936
402	56.1	97.4	2.024927232
403	21.9	97.4	2.024914944
404	100.0	97.5	2.02643456
405	60.6	97.7	2.031828992
406	26.9	97.7	2.032070656
407	48.0	97.8	2.032410624
408	20.0	97.8	2.032406528
409	20.6	97.8	2.032525312
410	19.4	97.8	2.032635904
411	20.4	97.8	2.032623616
412	24.0	97.8	2.032603136
413	21.6	97.8	2.03259904
414	100.0	97.8	2.032717824
415	53.6	97.8	2.032705536
416	28.3	97.8	2.032820224
417	36.7	97.8	2.032812032
418	67.7	97.8	2.03286528
419	16.7	97.8	2.032832512
420	17.6	97.8	2.032820224
421	18.9	97.8	2.032939008
422	29.6	97.8	2.033041408
423	18.9	97.8	2.033025024
424	34.3	97.8	2.033250304
425	18.1	97.8	2.033242112
426	65.7	97.8	2.03333632
427	77.0	97.8	2.033451008
428	47.4	97.8	2.033557504
429	22.7	97.8	2.033553408
430	13.4	97.8	2.033545216
431	40.4	97.8	2.033659904
432	9.5	97.8	2.033655808
433	34.0	97.8	2.033803264
434	21.1	97.8	2.033799168
435	10.8	97.8	2.033917952
436	30.3	97.8	2.033901568
437	56.1	97.8	2.03421696
438	98.0	97.9	2.034589696
439	56.1	97.9	2.034958336
440	22.9	97.9	2.035453952
441	21.6	97.9	2.035757056
442	56.6	97.9	2.035806208
443	26.6	97.9	2.03593728
444	14.7	97.9	2.035929088
445	22.1	97.9	2.035924992
446	20.0	97.9	2.0359168
447	21.6	97.9	2.036027392
448	16.8	97.9	2.036023296
449	23.2	97.9	2.036002816
450	22.1	97.9	2.03599872
451	98.0	97.9	2.03599872
452	62.2	97.9	2.035970048
453	50.5	98.0	2.036543488
454	22.1	98.0	2.036514816
455	20.6	98.0	2.036666368
456	17.2	98.0	2.036662272
457	30.9	98.0	2.036760576
458	20.0	98.0	2.037260288
459	30.6	98.0	2.037420032
460	23.4	98.1	2.038706176
461	22.9	98.0	2.038358016
462	32.0	98.0	2.03784192
463	18.9	98.0	2.037805056
464	17.2	98.0	2.037796864
465	21.1	98.0	2.037788672
466	25.5	98.0	2.037911552
467	100.0	98.0	2.037874688
468	62.9	98.1	2.038665216
469	21.9	98.1	2.038788096
470	21.6	98.1	2.038910976
471	40.6	98.1	2.039185408
472	45.7	98.1	2.039619584
473	20.8	98.1	2.039648256
474	18.8	98.1	2.039762944
475	21.1	98.1	2.039754752
476	19.1	98.1	2.039750656
477	37.5	98.1	2.039955456
478	95.0	98.1	2.040037376
479	73.0	98.1	2.040160256
480	20.7	97.9	2.035617792
481	23.7	97.7	2.031415296
482	29.3	97.5	2.02727424
483	25.0	97.3	2.02317824
484	36.7	97.1	2.019774464
485	20.4	96.9	2.01525248
486	23.7	96.7	2.010918912
487	33.3	96.5	2.006953984
488	23.2	96.3	2.002755584
489	23.2	96.1	1.998430208
490	22.1	95.9	1.99307264
491	27.7	95.7	1.988620288
492	28.7	95.5	1.984569344
493	98.0	95.4	1.9842048
494	51.5	95.4	1.984032768
495	30.1	95.4	1.984028672
496	25.8	95.4	1.98402048
497	67.0	95.5	1.984540672
498	16.0	95.5	1.984548864
499	25.0	95.5	1.984913408
500	19.1	95.5	1.984823296
501	20.6	95.5	1.984774144
502	27.1	95.5	1.984741376
503	19.1	95.5	1.984733184
504	19.1	95.5	1.984724992
505	42.3	95.5	1.98483968
506	97.0	95.5	1.9848192
507	46.9	95.3	1.981886464
508	20.6	95.1	1.97720064
509	21.1	94.9	1.9721216
510	25.6	94.7	1.968246784
511	25.0	94.4	1.963556864
512	21.3	94.2	1.959378944
513	26.3	94.0	1.95520512
514	22.4	93.8	1.950846976
515	21.3	93.6	1.945657344
516	23.5	93.4	1.941536768
517	36.1	93.2	1.937969152
518	20.8	93.0	1.933402112
519	26.3	92.8	1.929310208
520	22.1	92.6	1.924919296
521	21.9	92.4	1.920212992
522	30.9	92.1	1.915723776
523	31.6	91.9	1.911185408
524	30.4	91.7	1.907126272
525	97.0	91.8	1.907826688
526	51.5	91.8	1.907822592
527	21.6	91.8	1.90793728
528	20.8	91.8	1.907924992
529	29.5	91.8	1.90808064
530	20.0	91.8	1.908072448
531	28.6	91.8	1.90789632
532	20.0	91.8	1.907884032
533	18.6	91.8	1.907879936
534	19.1	91.8	1.90799872
535	16.7	91.8	1.907986432
536	26.0	91.8	1.907982336
537	36.7	91.8	1.907929088
538	19.8	91.8	1.907949568
539	20.0	91.8	1.90793728
540	31.6	92.5	1.92301056
541	99.0	94.1	1.955414016
542	59.4	94.4	1.962295296
543	18.3	94.4	1.962287104
544	26.5	94.4	1.962409984
545	21.3	94.4	1.962524672
546	20.4	94.4	1.962643456
547	37.1	94.4	1.962872832
548	28.1	94.4	1.963012096
550	20.0	94.4	1.962999808
551	18.6	94.4	1.962991616
552	18.9	94.4	1.9631104
553	25.5	94.4	1.963085824
554	31.2	94.4	1.9633152
555	16.1	94.4	1.96329472
556	36.1	94.6	1.967222784
557	99.0	95.5	1.986379776
558	47.4	95.5	1.986486272
559	18.9	95.5	1.98647808
560	17.2	95.6	1.986596864
561	21.9	95.6	1.986588672
562	27.8	95.6	1.98709248
563	32.3	95.6	1.987166208
564	36.2	95.6	1.987125248
565	18.7	95.6	1.987121152
566	20.6	95.6	1.987108864
567	19.1	95.6	1.987100672
568	31.7	95.6	1.987076096
569	17.0	95.6	1.987067904
570	41.8	95.6	1.987469312
571	99.0	96.0	1.995833344
572	43.9	96.1	1.99849984
573	26.9	96.1	1.998614528
574	23.2	96.2	1.999110144
575	53.5	96.2	1.999458304
576	21.7	96.2	1.999446016
577	14.9	96.2	1.999437824
578	25.8	96.2	1.9996672
579	17.7	96.2	1.999654912
580	21.1	96.2	1.999650816
581	17.4	96.2	1.999642624
582	24.7	96.2	1.999634432
583	19.1	96.2	1.999663104
584	39.6	96.2	1.999650816
585	100.0	97.1	2.01805824
586	39.2	97.1	2.018050048
587	22.1	97.1	2.01803776
588	54.1	97.1	2.018603008
589	15.8	97.1	2.018582528
590	18.3	97.1	2.018545664
591	19.8	97.1	2.018664448
592	20.6	97.1	2.018656256
593	32.0	97.1	2.018869248
594	29.2	97.1	2.018844672
595	18.6	97.1	2.01883648
596	28.9	97.1	2.018992128
597	18.7	97.1	2.019057664
598	18.1	97.1	2.019037184
599	20.0	97.1	2.019024896
600	42.3	97.1	2.019016704
601	90.0	97.1	2.019254272
602	68.4	97.2	2.019827712
603	22.1	97.2	2.01981952
604	17.0	97.2	2.019934208
605	19.8	97.2	2.019926016
606	21.3	97.2	2.019917824
607	19.1	97.2	2.020036608
608	44.9	97.2	2.02020864
609	29.3	97.2	2.020327424
610	16.0	97.2	2.02031104
611	19.6	97.2	2.02031104
612	19.1	97.2	2.020302848
613	21.9	97.2	2.020417536
614	21.3	97.2	2.02041344
615	25.5	97.2	2.020519936
616	35.7	97.2	2.020450304
617	42.1	97.2	2.020450304
618	100.0	97.2	2.020429824
619	31.6	97.0	2.01762816
620	35.1	96.9	2.014326784
621	22.1	96.7	2.009632768
622	20.4	96.4	2.005188608
623	18.3	96.2	2.000863232
624	21.9	96.0	1.99663616
625	18.5	95.8	1.991831552
626	37.1	95.7	1.990426624
627	26.3	95.7	1.99051264
628	17.0	95.7	1.990619136
629	15.6	95.7	1.990602752
630	19.1	95.8	1.990729728
631	20.0	95.8	1.990721536
632	29.8	95.8	1.99084032
633	16.1	95.8	1.990811648
634	19.1	95.8	1.990811648
635	18.1	95.8	1.990930432
636	39.6	95.8	1.99092224
637	99.0	95.8	1.99102464
638	51.0	95.8	1.991430144
639	27.1	95.8	1.991417856
640	21.9	95.8	1.991385088
641	24.2	95.8	1.9913728
642	25.7	95.8	1.991368704
643	44.3	95.8	1.991397376
644	40.6	95.8	1.99149568
645	17.0	95.8	1.991491584
646	28.9	95.8	1.991716864
647	46.9	95.8	1.991704576
648	99.0	96.4	2.00337408
649	41.4	96.4	2.003439616
650	18.9	96.4	2.003546112
651	17.9	96.4	2.003546112
652	21.9	96.4	2.003542016
653	29.5	96.4	2.003623936
654	18.3	96.4	2.003718144
655	19.1	96.4	2.003709952
656	22.7	96.4	2.00370176
657	27.1	96.4	2.003693568
658	20.7	96.4	2.003808256
659	22.1	96.4	2.00380416
660	21.5	96.4	2.003791872
661	50.5	96.4	2.003775488
662	100.0	97.9	2.035253248
663	66.7	98.0	2.036424704
664	17.9	97.9	2.036289536
665	21.6	97.9	2.036277248
666	20.4	97.9	2.036277248
667	31.6	97.9	2.036342784
668	59.4	98.0	2.0368384
669	17.0	98.0	2.0368384
670	18.7	98.0	2.036822016
671	18.8	98.0	2.0369408
672	51.5	98.0	2.036924416
673	98.0	98.0	2.036912128
674	19.8	97.8	2.033393664
675	22.6	97.6	2.029338624
676	30.0	97.4	2.02512384
677	24.5	97.2	2.020687872
678	29.0	97.0	2.016473088
679	46.9	96.8	2.0133888
680	24.0	96.6	2.008170496
681	22.1	96.4	2.003595264
682	22.9	96.1	1.998897152
683	29.8	95.9	1.9945472
684	53.6	95.8	1.991872512
685	90.1	95.8	1.991323648
686	41.1	95.8	1.991294976
687	34.4	95.7	1.99057408
688	18.8	95.7	1.990520832
689	20.4	95.7	1.990520832
690	21.9	95.7	1.990475776
691	18.1	95.7	1.990443008
692	24.5	95.7	1.990438912
693	22.9	95.7	1.990438912
694	41.7	95.7	1.99038976
695	18.1	95.7	1.990397952
696	20.6	95.7	1.99038976
697	24.0	95.7	1.990381568
698	24.7	95.8	1.991090176
699	19.8	95.8	1.99112704
700	55.1	95.8	1.991090176
701	98.0	95.8	1.991110656
702	37.5	95.8	1.991102464
703	24.2	95.8	1.991098368
704	35.4	95.8	1.99104512
705	34.7	95.8	1.99102464
706	21.2	95.8	1.99102464
707	20.8	95.8	1.991012352
708	40.8	95.8	1.991368704
709	17.5	95.8	1.991479296
710	17.2	95.8	1.991471104
711	18.1	95.8	1.991462912
712	56.7	95.8	1.991553024
713	100.0	95.8	1.991524352
714	34.7	95.8	1.99161856
715	19.6	95.8	1.991610368
716	21.4	95.8	1.99159808
717	25.3	95.8	1.99172096
718	22.9	95.8	1.991692288
719	19.1	95.8	1.991819264
720	18.9	95.8	1.99192576
721	18.7	95.8	1.99192576
722	28.3	95.8	1.991872512
723	22.1	95.8	1.991839744
724	19.4	95.8	1.9919872
725	53.5	95.8	1.992105984
726	99.0	97.1	2.018975744
727	46.9	97.1	2.019147776
728	43.2	97.1	2.019139584
729	20.0	97.1	2.019139584
730	24.2	97.1	2.019127296
731	22.1	97.1	2.0191232
732	50.5	97.1	2.019291136
733	27.1	97.1	2.019397632
734	17.2	97.1	2.019393536
735	17.7	97.1	2.019545088
736	19.1	97.1	2.019536896
737	18.9	97.1	2.019528704
738	59.4	97.1	2.01951232
739	98.0	97.6	2.029146112
740	24.2	97.6	2.029146112
741	19.4	97.6	2.02913792
742	33.0	97.6	2.029379584
743	43.9	97.6	2.029543424
744	30.4	97.6	2.029662208
745	17.9	97.6	2.029625344
746	18.8	97.6	2.029613056
747	30.2	97.6	2.029703168
748	22.2	97.6	2.029699072
749	32.0	97.6	2.029780992
750	17.0	97.6	2.029780992
751	21.1	97.6	2.029903872
752	61.2	97.6	2.029989888
753	98.0	97.6	2.029989888
754	27.4	97.6	2.029973504
755	19.8	97.6	2.029965312
756	24.0	97.6	2.030084096
757	18.3	97.6	2.030071808
758	21.3	97.7	2.0306944
759	23.2	97.7	2.030686208
760	18.1	97.7	2.03067392
761	32.7	97.7	2.03067392
762	54.2	97.7	2.030583808
763	18.9	97.7	2.03057152
764	18.8	97.7	2.0306944
765	66.0	97.7	2.030678016
766	93.9	97.7	2.030702592
767	32.3	97.7	2.030800896
768	39.0	97.7	2.030964736
769	16.8	97.7	2.030964736
770	17.2	97.7	2.030944256
771	17.0	97.7	2.030931968
772	23.2	97.7	2.031038464
773	20.8	97.7	2.031038464
774	30.0	97.7	2.031140864
775	21.1	97.7	2.03126784
776	22.4	97.7	2.031259648
777	28.4	97.7	2.031357952
778	17.2	97.7	2.031357952
779	17.9	97.7	2.031345664
780	18.3	97.7	2.031337472
781	20.0	97.7	2.031321088
782	70.7	97.7	2.0314112
783	91.1	97.9	2.03558912
784	36.4	98.1	2.039140352
785	22.1	98.1	2.03913216
786	22.1	98.1	2.039238656
787	64.6	98.1	2.039701504
788	18.8	98.1	2.039693312
789	28.1	98.1	2.03976704
790	19.8	98.1	2.039762944
791	17.4	98.1	2.039758848
792	28.1	98.1	2.03972608
793	18.1	98.1	2.039721984
794	19.1	98.1	2.039652352
795	50.5	98.1	2.039840768
796	64.3	98.1	2.040213504
797	72.0	98.2	2.04070912
798	31.9	98.0	2.038329344
799	21.6	97.8	2.0339712
800	35.1	97.7	2.030358528
801	23.2	97.4	2.025025536
802	22.7	97.2	2.020302848
803	21.1	97.0	2.015850496
804	18.5	96.7	2.010923008
805	18.3	96.7	2.010411008
806	18.1	96.7	2.010402816
807	26.3	96.7	2.0103168
808	33.7	96.7	2.010259456
809	14.1	96.7	2.010259456
810	19.8	96.7	2.010243072
811	19.1	96.7	2.010243072
812	27.1	96.7	2.0102144
813	32.0	96.7	2.01046016
814	54.7	96.7	2.010578944
815	59.6	96.7	2.01107456
816	58.6	96.8	2.011701248
817	39.4	96.8	2.011799552
818	19.1	96.8	2.012430336
819	29.2	96.8	2.01232384
820	19.1	96.8	2.01232384
821	33.7	96.8	2.01240576
822	18.9	96.8	2.012553216
823	16.3	96.8	2.012553216
824	21.2	96.8	2.012545024
825	19.1	96.8	2.01252864
826	18.3	96.8	2.01265152
827	39.2	96.8	2.012758016
828	20.8	96.8	2.012884992
829	18.9	96.8	2.01299968
830	19.1	96.8	2.012991488
831	20.8	96.8	2.0129792
832	73.7	96.8	2.013065216
833	96.0	96.8	2.013192192
834	33.3	96.8	2.013179904
835	22.9	96.8	2.013171712
836	21.1	96.8	2.0132864
837	26.6	96.8	2.013278208
838	30.9	96.8	2.0134912
839	35.5	96.9	2.013601792
840	19.8	96.9	2.013581312
841	19.6	96.9	2.01357312
842	29.2	96.9	2.013671424
843	18.9	96.9	2.013671424
844	32.3	96.9	2.013765632
845	99.0	96.9	2.01375744
846	51.0	96.7	2.011455488
847	33.0	96.5	2.00697856
848	20.4	96.3	2.002333696
849	26.1	96.1	1.99798784
850	22.1	95.9	1.993392128
851	22.8	95.8	1.991852032
852	21.1	95.8	1.991852032
853	22.3	95.8	1.991999488
854	39.8	95.8	1.991917568
855	17.2	95.8	1.991950336
856	17.0	95.8	1.991938048
857	29.6	95.8	1.99190528
858	17.2	95.8	1.99190528
859	20.0	95.8	1.991897088
860	94.0	95.8	1.99194624
861	74.0	96.3	2.00128512
862	42.9	96.3	2.001481728
863	17.9	96.3	2.001481728
864	21.1	96.3	2.001567744
865	38.8	96.3	2.001670144
866	19.8	96.3	2.001784832
867	18.6	96.3	2.001768448
868	21.9	96.3	2.001891328
869	17.9	96.3	2.001883136
870	18.3	96.3	2.001870848
871	19.8	96.3	2.001989632
872	38.1	96.3	2.002173952
873	18.9	96.3	2.002173952
874	19.6	96.3	2.002169856
875	17.2	96.3	2.002259968
876	18.8	96.3	2.002255872
877	53.6	96.3	2.002239488
878	99.0	96.3	2.002665472
879	45.8	96.3	2.00265728
880	17.2	96.3	2.00265728
881	17.0	96.3	2.002632704
882	25.8	96.3	2.0027392
883	20.8	96.3	2.0027392
884	32.6	96.3	2.00269824
885	17.2	96.3	2.002681856
886	18.1	96.3	2.002681856
887	28.0	96.3	2.002743296
888	22.0	96.3	2.0027392
889	17.9	96.3	2.002731008
890	21.9	96.3	2.002726912
891	33.3	96.3	2.003038208
892	33.0	96.4	2.004115456
893	83.8	96.4	2.003451904
894	76.5	96.4	2.003345408
895	18.9	96.1	1.998675968
896	22.7	95.9	1.993969664
897	15.6	95.7	1.989259264
898	18.7	95.5	1.984651264
899	19.8	95.4	1.982861312
900	22.1	95.4	1.982861312
901	20.8	95.4	1.98285312
902	21.9	95.4	1.982836736
903	21.6	95.4	1.982836736
904	21.5	95.4	1.982795776
905	23.7	95.4	1.982910464
906	86.9	96.6	2.008756224
907	87.9	98.1	2.040520704
908	26.5	98.1	2.04046336
909	24.7	98.1	2.040451072
910	27.3	98.1	2.04036096
911	73.7	98.7	2.051452928
913	53.5	99.2	2.062893056
914	44.0	98.5	2.048790528
915	51.0	98.6	2.050285568
916	34.4	99.0	2.057699328
917	39.1	99.5	2.067738624
918	53.5	98.0	2.037641216
919	51.1	98.5	2.048352256
920	19.1	98.8	2.053062656
921	34.7	99.2	2.06221312
922	42.3	98.9	2.056552448
923	43.2	98.7	2.052182016
924	41.1	98.6	2.049265664
925	14.0	98.8	2.054316032
926	12.9	98.9	2.056982528
927	10.8	99.0	2.058153984
928	15.4	99.0	2.059177984
929	14.9	99.2	2.061582336
930	17.2	98.5	2.0488192
931	18.1	98.6	2.050547712
932	11.8	98.7	2.052194304
933	23.4	99.0	2.058293248
934	34.1	98.8	2.054856704
935	15.2	98.7	2.0519936
936	18.4	98.9	2.055766016
937	20.2	98.8	2.054823936
938	26.0	98.6	2.049163264
939	16.1	98.8	2.054803456
940	19.6	98.5	2.048212992
941	33.7	98.8	2.053562368
942	32.3	98.3	2.043904
943	37.5	98.5	2.048036864
944	39.2	98.7	2.051334144
945	48.0	98.8	2.054152192
946	46.0	98.3	2.043547648
947	71.4	98.9	2.05561856
948	41.1	99.3	2.065289216
949	13.7	98.5	2.0468736
950	24.2	98.8	2.054848512
951	27.8	99.2	2.061860864
952	25.0	98.7	2.052366336
953	35.4	98.9	2.056245248
954	25.0	99.2	2.062057472
955	19.4	98.5	2.046992384
956	18.2	98.5	2.047893504
957	12.9	98.5	2.048712704
958	23.5	98.7	2.052972544
959	22.7	98.8	2.054623232
960	25.3	98.9	2.055892992
961	18.3	99.0	2.05737984
962	18.9	99.1	2.060263424
963	25.5	98.5	2.047361024
964	20.2	98.7	2.052276224
965	27.6	98.9	2.056515584
966	34.4	98.2	2.042175488
967	10.9	98.3	2.042957824
968	16.8	98.3	2.044407808
969	25.8	98.5	2.047778816
970	16.1	98.6	2.049585152
971	19.8	98.7	2.05258752
972	20.4	98.9	2.055704576
973	22.3	99.0	2.059235328
974	42.4	98.7	2.051198976
975	35.8	98.9	2.055356416
976	32.0	99.1	2.060075008
977	31.6	99.2	2.06278656
978	22.1	98.5	2.047193088
979	24.2	98.6	2.049683456
980	13.7	98.6	2.050269184
981	9.5	98.6	2.050650112
982	7.7	98.7	2.05103104
983	36.4	98.9	2.056237056
984	43.0	98.7	2.051919872
985	12.8	98.7	2.052005888
986	10.9	98.7	2.052890624
987	17.7	98.8	2.054033408
988	15.1	98.8	2.05504512
989	20.4	98.9	2.057203712
990	19.6	99.1	2.060111872
991	19.6	99.2	2.062360576
992	25.0	98.8	2.053992448
993	16.7	98.8	2.055061504
994	26.0	98.9	2.057084928
995	16.1	99.0	2.057842688
996	24.5	99.0	2.058960896
997	23.2	99.1	2.06092288
998	16.5	99.2	2.06301184
999	22.3	98.7	2.05252608
1000	20.8	98.6	2.049589248
1001	12.8	98.6	2.050289664
1002	27.3	98.8	2.054066176
1003	36.6	98.5	2.047963136
1004	15.2	98.0	2.037075968
1005	22.9	98.2	2.040700928
1006	24.7	98.4	2.04548096
1007	20.7	98.6	2.049073152
1008	13.8	98.6	2.05058048
1009	17.0	98.7	2.05221888
1010	18.8	98.8	2.053361664
1011	14.0	98.8	2.0547584
1012	14.0	98.9	2.05539328
1013	24.5	98.9	2.057084928
1014	32.0	98.1	2.039181312
1015	13.8	98.0	2.038198272
1016	9.9	98.1	2.0386816
1017	20.8	98.1	2.03964416
1018	19.1	98.2	2.04064768
1019	38.8	98.3	2.043858944
1020	24.0	98.4	2.045734912
1021	19.8	98.5	2.047492096
1022	18.5	98.6	2.050371584
1023	29.2	99.1	2.059636736
1024	22.7	98.3	2.043035648
1025	27.1	98.7	2.051485696
1026	15.1	98.7	2.052337664
1027	19.6	98.8	2.053087232
1028	24.0	98.8	2.053890048
1029	27.8	98.8	2.055020544
1030	18.3	98.9	2.055262208
1031	20.2	98.9	2.055897088
1032	17.9	98.9	2.05615104
1033	20.0	98.9	2.0569088
1034	23.7	99.0	2.057412608
1035	33.0	99.0	2.057838592
1036	30.0	99.0	2.05805568
1037	29.4	99.0	2.058543104
1038	21.6	99.1	2.059882496
1039	25.5	98.2	2.042228736
1040	16.1	98.3	2.04412928
1041	16.8	98.5	2.046922752
1042	12.0	98.5	2.048192512
1043	13.8	98.6	2.049458176
1044	20.4	98.7	2.052620288
1045	22.3	99.1	2.059321344
1046	29.8	98.3	2.043318272
1047	18.9	98.4	2.046619648
1048	17.4	98.6	2.050297856
1049	20.8	98.7	2.052571136
1050	37.4	98.8	2.053574656
1051	36.4	98.9	2.055159808
1052	26.3	98.9	2.056310784
1053	29.9	98.9	2.057101312
1054	36.2	99.0	2.057367552
1055	26.9	99.0	2.0585472
1056	17.7	99.1	2.059378688
1057	7.3	99.1	2.059546624
1058	36.8	98.3	2.043363328
1059	54.0	98.4	2.045812736
1060	34.0	98.6	2.049114112
1061	32.0	98.6	2.050637824
1062	32.0	98.7	2.051268608
1063	34.0	98.7	2.052063232
1064	29.3	98.7	2.052825088
1065	41.7	98.8	2.054381568
1066	50.0	98.8	2.055032832
1067	33.0	98.9	2.05641728
1068	36.1	98.2	2.040950784
1069	24.2	98.3	2.043752448
1070	43.2	98.4	2.046656512
1071	44.3	98.5	2.047647744
1072	60.6	98.5	2.048172032
1073	62.2	98.5	2.04814336
1074	74.0	98.5	2.048073728
1075	58.2	98.5	2.048802816
1076	52.6	98.6	2.049789952
1077	77.7	98.7	2.051981312
1078	66.1	98.9	2.057105408
1079	46.5	98.6	2.048987136
1080	44.3	99.3	2.065002496
1081	54.8	99.1	2.060722176
1082	31.3	98.6	2.049839104
1083	13.3	98.7	2.052247552
1084	23.2	99.1	2.059759616
1085	13.0	99.2	2.062938112
1086	18.6	98.7	2.051997696
1087	13.8	98.7	2.052534272
1088	18.9	98.9	2.056986624
1089	15.6	99.1	2.059583488
1090	23.0	99.2	2.06249984
1091	9.6	99.2	2.062848
1092	17.2	98.8	2.053746688
1093	15.8	98.0	2.037403648
1094	20.7	98.0	2.037235712
1095	19.8	98.0	2.03835392
1096	10.8	98.1	2.039005184
1097	20.0	98.1	2.039701504
1098	14.1	98.2	2.040840192
1099	12.9	98.2	2.041380864
1100	8.7	98.2	2.041376768
1101	18.1	98.2	2.041757696
1102	24.5	98.2	2.042421248
1103	14.6	98.2	2.042544128
1104	25.0	98.3	2.043588608
1105	29.3	98.4	2.045861888
1106	25.5	98.5	2.047967232
1107	32.7	98.7	2.051997696
1108	21.3	98.8	2.054856704
1109	20.4	98.9	2.056626176
1110	33.0	98.7	2.052722688
1111	16.1	98.2	2.041577472
1112	10.6	98.2	2.04208128
1113	12.6	98.3	2.04347392
1114	10.8	98.3	2.044604416
1115	17.9	98.4	2.045366272
1116	16.1	98.5	2.046980096
1117	12.6	98.5	2.047602688
1118	10.9	98.5	2.048458752
1119	12.9	98.6	2.05008896
1120	21.3	98.2	2.042580992
1121	19.8	98.1	2.039836672
1122	14.0	98.2	2.041454592
1123	13.8	98.2	2.041700352
1124	13.8	98.2	2.041954304
1125	23.2	98.3	2.043609088
1126	29.2	98.4	2.045362176
1127	21.3	98.5	2.04795904
1128	16.0	98.6	2.050748416
1129	15.1	98.8	2.053668864
1130	21.3	98.1	2.038759424
1131	9.8	98.1	2.038829056
1132	12.3	98.1	2.038730752
1133	14.9	98.1	2.040451072
1134	15.5	98.3	2.04333056
1135	16.1	98.4	2.046763008
1136	21.7	98.5	2.048151552
1137	21.6	98.6	2.050330624
1138	20.4	98.2	2.041184256
1139	12.9	98.3	2.044616704
1140	12.8	98.5	2.047156224
1141	12.0	98.5	2.04855296
1142	14.7	98.8	2.05312
1143	20.4	98.8	2.053685248
1144	8.1	98.5	2.047238144
1145	8.3	98.4	2.04673024
1146	7.6	98.4	2.045968384
1147	10.5	98.3	2.042703872
1149	12.5	98.2	2.041933824
1150	11.1	98.2	2.04167168
1151	6.6	98.2	2.041004032
1152	7.7	98.1	2.039873536
1153	13.9	98.1	2.039857152
1154	14.3	98.1	2.03948032
1155	6.6	98.1	2.039443456
1156	13.3	98.1	2.039427072
1157	8.0	98.1	2.039410688
1158	10.0	98.1	2.039410688
1159	17.9	98.2	2.041315328
1160	14.9	98.3	2.043928576
1161	11.8	98.4	2.045325312
1162	17.2	98.5	2.047025152
1163	12.8	98.5	2.048294912
1164	10.8	98.6	2.0489216
1165	10.8	98.6	2.050039808
1166	9.6	98.7	2.051182592
1167	8.7	98.7	2.051817472
1168	9.8	98.7	2.05283328
1169	8.8	98.8	2.053722112
1170	7.7	98.8	2.05438976
1171	10.8	98.8	2.054893568
1172	19.6	98.3	2.04324864
1173	12.5	98.3	2.04324864
1174	5.6	98.3	2.043629568
1175	13.8	98.4	2.046058496
1176	11.3	98.4	2.046558208
1177	13.8	98.5	2.04756992
1178	16.5	98.5	2.048712704
1179	16.8	98.6	2.049851392
1180	14.0	98.7	2.050994176
1181	15.6	98.7	2.052231168
1182	16.1	98.8	2.054381568
1183	21.9	98.6	2.049347584
1184	28.9	98.0	2.037305344
1185	23.7	98.2	2.0406272
1186	19.6	98.3	2.043039744
1187	30.3	98.4	2.045693952
1188	31.9	98.5	2.047971328
1189	32.0	98.9	2.055450624
1190	22.7	98.2	2.04232704
1191	16.8	98.4	2.045267968
1192	12.6	98.5	2.047807488
1193	20.4	98.8	2.053779456
1194	49.0	98.6	2.05043712
1195	23.7	98.6	2.050715648
1196	17.7	98.3	2.042744832
1197	21.3	98.6	2.049974272
1198	38.8	98.9	2.056822784
1199	32.0	98.2	2.041982976
1200	45.8	98.4	2.045820928
1201	30.5	98.6	2.05060096
1202	31.6	98.7	2.052497408
1203	35.4	98.8	2.054520832
1204	24.0	98.8	2.054955008
1205	18.9	98.9	2.055294976
1206	20.0	98.9	2.056052736
1207	17.0	98.9	2.05637632
1208	14.0	98.9	2.05676544
1209	25.3	99.0	2.058346496
1210	14.7	98.4	2.045292544
1211	6.6	98.3	2.04374016
1212	6.7	98.2	2.042241024
1213	11.7	98.2	2.042236928
1214	12.5	98.3	2.042761216
1215	16.3	98.3	2.043387904
1216	22.7	98.4	2.044964864
1217	26.3	98.4	2.04640256
1218	31.3	98.5	2.048069632
1219	27.1	98.6	2.049118208
1220	18.3	98.6	2.049875968
1221	26.0	98.0	2.037403648
1222	24.7	98.2	2.0412416
1223	26.9	98.3	2.043133952
1224	26.8	98.4	2.045284352
1225	12.4	98.5	2.04705792
1226	41.2	98.9	2.055688192
1227	22.3	98.3	2.044588032
1228	8.7	98.3	2.043478016
1229	8.6	98.3	2.043416576
1230	33.0	98.3	2.042814464
1231	21.3	98.3	2.042810368
1232	27.1	98.4	2.045169664
1233	34.0	98.6	2.050834432
1234	27.8	98.8	2.05336576
1235	27.0	98.9	2.055696384
1236	23.4	98.9	2.055991296
1237	43.8	98.8	2.054557696
1238	8.1	98.8	2.054557696
1239	6.5	98.8	2.054557696
1240	75.0	98.2	2.04232704
1241	49.5	98.3	2.043334656
1242	39.6	98.2	2.041184256
1243	19.4	98.2	2.041434112
1244	24.2	98.2	2.041544704
1245	53.1	98.3	2.042765312
1246	28.4	98.3	2.043727872
1247	23.4	98.4	2.045280256
1248	35.4	98.5	2.048495616
1249	41.4	98.6	2.04945408
1250	28.1	98.6	2.049691648
1251	41.8	98.6	2.050179072
1252	55.1	98.7	2.051059712
1253	63.6	98.7	2.05285376
1254	69.1	98.9	2.05514752
1255	42.3	98.6	2.050465792
1256	7.5	98.6	2.050465792
1257	7.9	98.6	2.050465792
1258	23.7	98.2	2.041028608
1259	40.0	98.0	2.037194752
1260	28.7	98.0	2.037182464
1261	51.5	98.0	2.03741184
1262	45.5	98.0	2.038018048
1263	26.9	98.1	2.04015616
1264	15.2	98.1	2.040528896
1265	35.1	98.7	2.052079616
1266	39.2	98.8	2.05461504
1267	52.1	98.2	2.041106432
1268	39.4	98.2	2.040979456
1269	29.2	98.2	2.042118144
1270	40.8	98.3	2.044145664
1271	30.2	98.4	2.045489152
1272	44.2	98.1	2.039513088
1273	7.5	98.1	2.038861824
1274	9.9	98.1	2.038861824
1275	21.1	98.1	2.040131584
1276	9.8	98.2	2.041143296
1277	7.6	98.2	2.04228608
1278	6.5	98.3	2.043174912
1279	5.6	98.3	2.044444672
1280	10.5	98.4	2.044936192
1281	9.5	98.4	2.045952
1282	6.5	98.4	2.046459904
1283	28.1	98.4	2.045571072
1284	26.6	98.5	2.047504384
