timeFrame	TimeOverhead
3	7755
2	8776
3	7744
3	7839
2	8797
4	6840
2	8749
3	7831
2	8790
3	7808
3	7822
3	7779
2	8735
2	8826
3	7813
4	6841
2	8787
3	7775
2	8777
2	8759
2	8860
3	7786
4	9320
4	9265
7	2729
5	8305
5	8295
7	2763
7	2773
4	9290
5	8369
6	7317
6	7369
5	8360
4	9336
5	8314
5	8376
6	7325
6	7376
7	2743
6	7307
7	2816
4	9331
7	2766
5	8371
4	9363
6	7390
7	2758
7	2788
5	8343
6	7370
5	8373
7	2738
6	7382
5	8322
6	7352
4	9316
6	7333
4	9367
9	3626
9	3609
8	4592
8	4714
8	4695
8	4645
8	4677
9	3634
9	3684
9	3716
9	3665
8	4708
9	3646
8	4658
9	3728
7	5648
9	3708
8	4748
8	4709
9	3718
8	4691
10	5542
12	3576
11	4539
10	5559
12	3596
11	4576
12	3566
12	3648
11	4629
12	3629
11	4600
12	3589
11	4641
10	5571
10	5653
11	4582
12	3653
10	5633
12	3582
11	4665
10	5614
10	5624
11	4636
12	3636
10	5672
11	4602
12	3581
10	5613
11	4634
10	5654
13	9616
15	7650
13	9661
15	7684
13	9646
13	9689
15	7643
13	9646
14	8646
13	9698
13	9720
13	9679
15	7650
15	7731
14	8746
15	7718
13	9749
15	7739
14	8658
15	7690
14	8730
15	7661
14	8720
15	7722
13	9671
14	8681
14	8712
14	8732
14	8702
14	8753
17	7535
17	7517
17	7611
16	8561
16	8606
16	8537
17	7615
16	8565
16	8627
16	8613
16	8544
17	7605
17	7556
17	7577
16	8621
17	7633
17	7614
17	7605
16	8614
16	8585
20	7592
21	6541
23	4544
22	5557
19	8539
20	7563
22	5629
21	6582
22	5585
18	9611
22	5572
19	8576
22	5559
23	4655
20	7617
19	8639
19	8658
23	4621
21	6673
18	9668
18	9636
21	6600
20	7682
19	8647
18	9686
20	7687
18	9650
23	4652
21	6640
22	5712
19	8703
22	5706
19	8697
23	4702
23	4727
23	4721
21	6722
21	6755
19	8708
18	9701
20	7724
20	7747
23	4771
21	6755
20	7700
21	6746
19	8718
22	5732
18	9723
21	6798
20	7741
22	5815
19	8828
18	9791
22	5795
20	7768
18	9844
18	9765
25	5801
26	4761
26	4746
26	4759
26	4815
27	3777
23	7761
25	5763
25	5784
27	3805
26	4844
25	5836
27	3786
27	3868
24	6780
24	6850
25	5831
24	6821
27	3753
26	4858
25	5840
24	6830
27	3862
26	4800
27	3783
25	5892
26	4841
25	5832
25	5812
24	6874
24	6824
24	6894
24	6835
26	4904
24	6865
27	3867
24	6905
26	4866
25	5877
23	7816
27	3810
27	3828
30	3338
28	5352
30	3323
30	3408
28	5413
29	4391
29	4413
30	3350
28	5393
29	4381
30	3331
28	5404
30	3424
29	4372
28	5355
30	3386
30	3416
29	4384
29	4426
30	3407
30	3403
28	5374
28	5434
29	4352
28	5355
28	5385
28	5405
29	4373
29	4414
29	4364
32	4749
33	3723
31	5725
33	3770
33	3751
31	5777
31	5717
33	3748
32	4738
32	4767
33	3799
33	3780
31	5760
31	5781
33	3742
31	5741
31	5730
32	4771
31	5812
33	3733
32	4822
32	4742
31	5784
31	5824
32	4734
33	3745
32	4755
32	4818
32	4809
33	3830
35	7912
36	6913
34	8976
36	6908
36	6942
36	6992
35	7938
35	7999
34	8928
34	8965
35	7957
35	7987
36	6977
34	8927
34	8967
36	6959
36	6979
35	8010
34	8959
34	8990
36	7011
35	7942
35	7990
35	8041
35	8001
34	9010
34	9042
36	7041
34	9031
36	7012
37	8836
37	8858
39	3235
39	3208
39	3230
38	7907
38	7837
37	8832
37	8868
37	8829
38	7882
39	3279
38	7904
38	7871
38	7882
37	8935
38	7842
38	7853
38	7924
39	3329
39	3319
37	8936
39	3355
39	3292
39	3311
37	8917
38	7916
37	8928
39	3266
37	8882
40	5126
40	5140
41	4156
40	5120
41	4082
41	4128
42	3128
40	5115
42	3175
41	4171
40	5189
41	4131
41	4145
41	4177
41	4130
40	5125
42	3201
40	5146
40	5193
40	5134
42	3197
41	4203
42	3220
41	4153
40	5198
42	10590
43	9625
43	9687
44	8670
44	8614
42	10644
42	10626
42	10608
44	8675
44	8710
44	8621
43	9680
44	8677
43	9636
44	8648
43	9647
42	10666
44	8678
43	9717
43	9637
43	9708
43	9687
44	8673
43	9683
44	8724
46	7157
45	8121
46	7131
46	7194
45	8199
47	6195
45	8132
47	6172
47	6217
45	8229
47	6132
45	8197
47	6240
47	6173
47	6170
46	7191
47	6214
45	8226
45	8195
45	8245
46	7268
46	7250
46	7182
45	8177
46	7247
47	6254
46	7236
47	6199
45	8234
46	7215
48	5935
50	3915
49	4989
49	4972
49	4963
48	5981
49	4963
48	5993
48	5933
50	4002
50	4010
48	5991
50	3961
48	6042
49	4962
48	6023
48	6034
49	4952
50	3989
48	5982
50	4061
49	5052
50	4051
49	5063
48	6003
49	4995
50	4013
50	4004
49	5035
50	4025
53	4288
52	5292
51	6266
53	4228
51	6233
53	4254
53	4287
51	6274
53	4304
51	6301
51	6243
52	5319
53	4259
51	6281
51	6347
53	4326
51	6359
52	5290
52	5299
52	5310
51	6371
51	6312
52	5363
52	5294
52	5344
52	5335
53	4375
52	5386
53	4315
53	4335
54	5969
56	3926
56	3960
56	3973
56	3955
57	3028
56	4029
54	6038
55	4968
54	5959
54	5970
56	4029
55	4981
54	5943
55	5003
54	5955
55	5035
55	5046
54	6053
56	4038
55	5068
56	4006
54	5988
56	4048
55	5038
57	3048
57	3068
54	6066
55	5080
57	3079
56	4071
55	5002
54	6003
55	5052
58	9632
57	10597
57	10610
58	9625
58	9687
59	8648
59	8641
59	8613
57	10656
59	8701
58	9621
57	10685
59	8676
58	9697
59	8652
59	8643
58	9665
59	8705
58	9700
59	8700
57	10661
59	8732
57	10671
58	9737
58	9658
58	9698
60	9496
61	8597
60	9580
60	9498
62	7537
62	7629
60	9527
61	8545
62	7580
62	7572
62	7616
61	8596
61	8652
61	8573
61	8597
61	8629
60	9639
61	8627
62	7658
61	8658
60	9660
60	9605
62	7595
61	8604
62	7656
62	7640
60	9650
60	9681
62	7631
60	9586
67	9604
64	12591
64	12607
65	11609
65	11642
63	13666
66	10659
67	9597
65	11603
64	12607
63	13649
65	11600
64	12648
68	8647
68	8606
68	8658
65	11686
64	12667
68	8645
66	10636
63	13659
67	9695
67	9657
68	8702
64	12631
68	8693
63	13654
66	10682
65	11725
68	8725
67	9660
67	9726
63	13657
67	9630
64	12728
63	13639
66	10669
64	12650
65	11702
68	8680
67	9657
63	13664
63	13694
63	13725
65	11715
66	10654
65	11685
67	9734
64	12742
65	11670
66	10730
64	12752
66	10712
66	10763
67	9718
66	10744
66	10683
63	13756
73	8783
73	8801
73	8797
71	10773
74	7845
72	9811
72	9848
69	16414
69	16447
74	7857
74	7822
69	16406
72	9847
74	7839
72	9822
71	14498
73	8818
71	14475
72	9820
72	9891
73	8810
71	10840
73	8847
72	9825
68	17449
70	15492
71	10869
71	14512
70	15473
72	9868
70	15494
71	10841
70	15468
73	8904
70	15459
72	9844
70	15550
68	17458
71	10898
69	16492
71	10860
69	16553
72	9930
73	8930
70	15515
69	16516
73	8859
70	15520
73	8876
70	15572
69	16553
71	14584
69	16504
70	15586
74	7963
69	16587
74	7973
69	16608
78	6752
75	9695
76	8751
79	5771
78	6743
77	7739
75	9743
77	7724
77	7718
80	4799
79	5780
77	7745
76	8740
77	7791
75	9793
77	7828
79	5776
75	9834
74	10764
80	4803
75	9820
77	7821
75	9772
77	7832
79	5777
79	5767
78	6769
76	8762
76	8803
76	8831
78	6798
76	8853
79	5820
78	6842
75	9854
74	10792
79	5860
77	7823
76	8804
75	9794
79	5872
76	8816
78	6883
76	8885
77	7845
75	9846
78	6875
79	5825
80	4896
76	8878
75	9848
80	4877
78	6826
74	10839
78	6856
78	6806
79	5809
74	10814
82	5525
82	5607
82	5550
84	3583
84	3555
80	7594
84	3556
81	6615
84	3624
83	4636
80	7562
83	4633
81	6600
83	4595
82	5636
83	4666
80	7621
84	3658
81	6610
83	4593
84	3625
82	5626
83	4651
84	3682
82	5592
80	7629
82	5664
80	7620
81	6619
83	4653
81	6660
82	5654
80	7620
81	6681
81	6692
82	5704
81	6660
84	3644
83	4654
82	5645
84	3614
81	6621
81	6713
83	4614
83	4638
84	3680
85	5397
87	3407
87	3431
86	4393
86	4466
85	5439
85	5473
85	5404
87	3468
85	5400
87	3489
85	5477
86	4497
86	4477
85	5469
85	5500
87	3457
86	4448
87	3440
86	4440
87	3420
87	3481
85	5462
87	3438
87	3508
86	4479
85	5459
86	4469
86	4430
86	4490
88	5522
89	4535
89	4558
89	4599
90	3550
89	4514
90	3575
90	3530
89	4601
88	5586
88	5617
90	3606
90	3532
89	4593
88	5575
88	5605
88	5536
88	5572
90	3633
88	5554
88	5595
89	4616
90	3616
89	4575
89	4565
90	3575
90	3606
88	5637
90	3586
89	4597
93	3435
93	3428
92	4410
92	4475
93	3427
93	3481
92	4430
92	4466
91	5498
93	3408
92	4425
92	4507
92	4415
93	3479
91	5470
91	5497
92	4477
93	3519
93	3440
91	5469
93	3450
91	5440
91	5496
91	5435
92	4474
93	3507
92	4507
91	5456
91	5517
91	5467
94	5516
94	5560
95	4546
95	4531
96	3546
96	3608
94	5579
95	4624
94	5586
96	3591
95	4580
94	5639
95	4652
96	3581
95	4632
94	5659
96	3623
95	4622
95	4672
95	4644
94	5569
94	5637
95	4620
94	5598
96	3651
96	3673
96	3623
96	3643
96	3684
94	5650
98	4415
98	4447
97	5470
99	3392
97	5400
98	4425
99	3455
97	5440
98	4402
99	3462
98	4494
99	3455
97	5496
97	5488
98	4449
99	3519
98	4439
99	3511
97	5490
98	4529
97	5460
98	4490
97	5511
99	3441
97	5442
97	5472
99	3467
98	4508
99	3518
99	3478
102	3478
100	5540
102	3503
102	3566
100	5558
102	3526
101	4549
102	3545
100	5602
101	4522
102	3524
100	5522
101	4603
100	5543
100	5563
100	5524
101	4525
101	4586
101	4552
101	4624
100	5563
102	3595
101	4565
101	4575
102	3606
102	3626
100	5590
102	3591
100	5621
101	4610
104	4278
103	5266
105	3275
104	4228
104	4262
105	3262
104	4245
103	5238
105	3248
104	4262
104	4285
103	5255
105	3326
105	3341
104	4324
103	5334
103	5305
105	3251
104	4357
105	3304
103	5337
104	4318
105	3285
104	4348
103	5329
103	5302
103	5364
105	3332
105	3343
103	5295
106	6674
107	5670
106	6623
106	6617
107	5629
106	6684
107	5617
107	5658
106	6720
106	6663
107	5724
107	5693
107	5700
106	6733
106	6684
106	6728
107	5777
106	6748
107	5747
107	5708
108	6531
108	6475
108	6467
108	6550
108	6513
108	6506
108	6500
108	6547
108	6580
108	6540
111	11661
111	11592
113	9685
114	8640
109	13618
109	13682
112	10632
112	10675
110	12608
112	10648
111	11681
111	11625
110	12668
113	9689
111	11651
109	13622
111	11646
112	10709
110	12643
109	13681
110	12698
113	9655
110	12721
112	10643
109	13735
109	13657
113	9687
113	9729
114	8686
114	8744
114	8711
112	10706
113	9716
109	13707
110	12709
113	9672
114	8738
110	12697
113	9734
112	10735
111	11745
113	9694
109	13757
114	8761
110	12779
109	13756
110	12729
111	11738
109	13727
112	10719
111	11764
114	8738
110	12785
114	8710
111	11795
112	10808
112	10728
113	9748
115	12594
114	13598
116	11681
117	10606
117	10648
118	9610
117	10603
115	12658
119	8672
116	11658
118	9679
116	11645
118	9653
115	12680
119	8645
119	8676
118	9629
119	8711
114	13625
116	11651
116	11692
115	12731
118	9692
119	8651
119	8675
118	9667
115	12664
116	11717
119	8691
117	10683
119	8746
115	12725
117	10719
119	8658
117	10704
115	12691
115	12704
115	12744
118	9757
115	12671
118	9756
116	11710
119	8746
117	10757
118	9723
118	9754
116	11680
117	10756
116	11690
116	11763
117	10776
117	10709
120	8922
120	8951
120	8995
120	8947
120	8918
120	8991
120	8987
120	8977
120	8940
120	9024
124	7508
122	9555
121	10602
124	7577
122	9599
122	9591
121	10544
121	10536
122	9550
124	7573
124	7606
121	10606
124	7562
122	9632
123	8566
121	10628
123	8639
122	9551
123	8635
123	8606
124	7607
121	10586
123	8632
123	8593
123	8624
122	9624
123	8569
124	7652
121	10632
124	7573
122	9583
123	8583
123	8617
122	9610
121	10581
124	7672
121	10631
122	9623
124	7613
121	10625
125	19750
125	19773
125	19706
125	19717
125	19790
125	19775
125	19809
126	18739
126	18761
125	19767
126	18797
125	19751
126	18760
126	18792
126	18744
125	19767
126	18739
126	18831
126	18791
126	18824
129	17737
127	19750
128	18802
129	17771
128	18779
128	18822
132	14794
127	19811
127	19796
130	16816
131	15866
131	15824
130	16803
130	16845
131	15852
129	17798
130	16883
128	18840
127	19871
131	15820
128	18800
129	17837
130	16841
128	18902
131	15822
131	15863
128	18883
131	15823
132	14842
130	16834
131	15855
127	19916
128	18905
130	16888
129	17896
132	14910
127	19872
132	14880
130	16922
129	17921
132	14877
132	14959
131	15940
129	17936
132	14951
129	17896
132	14871
128	18883
127	19954
129	17919
129	17891
132	14955
128	18926
130	16898
130	16967
127	19948
127	19964
132	14953
131	15983
127	19906
138	4240
136	6260
135	14374
134	15376
137	5237
133	16431
138	4292
138	4265
135	14396
136	6289
134	15452
133	16375
136	6328
134	15411
136	6323
135	14437
137	5329
137	5300
134	15444
138	4344
138	4318
135	14410
137	5273
136	6295
133	16446
133	16491
135	14451
133	16402
136	6292
137	5366
134	15428
134	15488
135	14409
138	4309
133	16441
137	5360
134	15419
135	14441
135	14502
133	16464
133	16475
133	16495
138	4384
136	6315
137	5351
138	4343
136	6313
135	14524
133	16516
137	5345
136	6355
135	14542
137	5383
134	15524
134	15464
134	15505
137	5325
136	6396
139	6428
142	3584
139	6615
139	6608
141	4619
140	5633
141	4645
139	6648
142	3632
139	6646
142	3699
140	5671
141	4614
140	5627
142	3632
140	5693
140	5717
140	5711
140	5685
142	3723
140	5675
141	4692
141	4677
139	6751
142	3708
139	6745
140	5681
139	6707
139	6768
138	7743
141	4751
138	7745
142	3767
141	4841
142	3807
141	4844
139	6788
142	3859
141	4855
140	5820
141	4872
142	3867
143	5655
144	4611
144	4586
145	3637
144	4632
143	5603
145	3616
144	4669
144	4612
143	5642
143	5673
145	3622
144	4705
145	3634
145	3696
143	5698
145	3688
145	3682
144	4714
143	5705
145	3737
145	3748
143	5698
143	5659
145	3699
143	5759
144	4760
144	4721
143	5692
144	4693
146	5332
147	4360
146	5392
148	3384
148	3416
147	4418
147	4430
148	3340
148	3375
147	4386
148	3369
146	5441
146	5381
148	3426
147	4417
147	4426
146	5448
147	4378
146	5429
148	3421
146	5420
148	3452
146	5400
148	3472
146	5378
147	4383
146	5453
147	4409
147	4460
148	3399
151	3186
149	5213
151	3174
150	4246
149	5179
151	3230
149	5213
150	4235
149	5207
150	4249
149	5241
151	3203
151	3275
151	3187
150	4219
150	4244
151	3263
150	4204
149	5195
149	5222
149	5283
151	3242
150	4203
150	4244
149	5274
150	4226
150	4298
151	3288
149	5299
151	3257
154	3351
153	4374
152	5397
153	4409
153	4420
153	4343
153	4355
154	3426
154	3337
152	5362
154	3383
152	5436
153	4389
152	5351
154	3430
154	3375
152	5367
153	4358
153	4418
154	3372
153	4434
152	5446
153	4396
154	3414
154	3428
152	5401
154	3439
152	5432
152	5412
152	5423
157	2939
157	3018
156	4003
157	3011
157	3046
157	2976
156	4051
157	3014
155	4987
157	2995
156	4048
155	5036
157	2984
156	3986
155	5028
156	3978
157	3016
156	4018
156	4049
156	4029
155	5060
155	5080
155	5030
156	4061
155	5001
155	5071
157	3077
156	4019
155	4999
155	5028
158	5360
158	5322
159	4323
158	5387
158	5379
158	5411
159	4362
158	5405
159	4347
159	4358
158	5353
159	4413
159	4428
158	5339
159	4388
158	5375
159	4405
158	5387
159	4346
159	4418
160	6321
162	4326
161	5332
163	3346
161	5391
160	6424
162	4375
161	5410
160	6392
163	3406
161	5367
161	5428
163	3390
163	3381
163	3402
162	4403
162	4450
160	6431
162	4440
161	5392
162	4431
163	3367
160	6358
160	6431
163	3450
162	4391
160	6411
160	6452
162	4440
160	6380
163	3451
161	5433
161	5383
162	4412
163	3474
161	5478
161	5429
162	4389
163	3397
160	6412
166	6289
165	7305
165	7276
164	8319
165	7269
164	8274
166	6365
164	8368
166	6278
166	6362
166	6332
165	7366
166	6326
165	7357
164	8363
165	7352
165	7321
165	7384
164	8357
166	6372
164	8384
164	8324
164	8334
166	6364
165	7352
165	7323
164	8316
164	8346
166	6328
166	6318
168	3358
167	8004
168	3345
167	7940
168	3420
168	3402
167	7942
168	3351
167	8004
167	8022
167	7972
167	8003
167	7943
167	7993
167	7984
168	3434
168	3405
168	3386
168	3456
168	3417
170	4544
170	4597
172	2589
170	4592
170	4615
172	2613
171	3637
172	2589
169	5574
169	5665
171	3625
171	3665
169	5656
171	3677
170	4588
172	2678
171	3633
170	4676
171	3624
172	2607
169	5607
171	3662
169	5655
172	2665
170	4626
169	5645
169	5635
172	2606
170	4643
169	5633
172	2644
171	3633
171	3613
170	4684
169	5696
169	5676
171	3623
172	2699
172	2691
170	4710
173	4591
173	4584
174	3579
174	3569
174	3553
173	4572
174	3605
174	3628
173	4642
173	4624
173	4636
174	3659
173	4661
173	4580
174	3652
174	3636
174	3586
173	4606
174	3618
173	4576
175	5777
176	4732
176	4712
175	5734
177	3737
175	5779
177	3730
175	5724
176	4766
176	4807
175	5778
176	4836
176	4827
177	3827
175	5779
177	3823
176	4765
175	5816
177	3764
176	4825
176	4785
177	3776
177	3856
175	5848
175	5768
177	3817
177	3807
177	3848
175	5810
176	4799
179	4806
180	3809
179	4750
179	4802
179	4785
178	5746
180	3759
180	3750
178	5792
180	3776
178	5838
178	5749
178	5824
180	3825
180	3798
178	5798
179	4770
178	5841
179	4797
180	3817
179	4767
179	4858
179	4814
178	5833
178	5804
178	5793
180	3865
180	3778
180	3839
179	4841
182	4583
183	3609
181	5541
183	3555
183	3607
182	4561
181	5591
182	4597
183	3555
183	3647
182	4652
181	5621
182	4555
182	4565
183	3617
181	5642
182	4638
181	5653
181	5624
181	5591
183	3602
183	3611
181	5672
183	3622
183	3667
181	5619
181	5609
182	4612
182	4623
182	4665
185	4814
185	4767
186	3790
185	4784
184	5736
185	4800
186	3791
184	5826
186	3826
186	3779
185	4752
185	4786
184	5818
185	4831
184	5771
184	5813
186	3808
185	4779
185	4788
186	3839
186	3865
186	3786
184	5797
184	5818
186	3776
184	5813
184	5873
185	4864
184	5854
186	3804
188	4801
189	3794
188	4725
187	5720
187	5743
189	3753
188	4786
188	4757
187	5771
187	5763
187	5817
187	5788
189	3811
189	3832
188	4812
188	4830
187	5811
189	3771
189	3812
188	4803
188	4798
189	3800
189	3810
187	5851
189	3760
188	4782
188	4766
189	3776
187	5838
187	5779
191	4753
190	5752
190	5764
191	4777
191	4750
192	3801
191	4766
191	4807
192	3821
190	5753
192	3795
192	3806
192	3840
190	5834
191	4846
192	3770
191	4822
191	4766
192	3789
190	5822
190	5842
190	5772
192	3818
192	3771
190	5799
190	5871
192	3782
191	4793
191	4864
190	5843
194	4552
194	4605
195	3611
193	5548
194	4593
194	4625
193	5595
193	5566
195	3653
194	4645
195	3588
194	4588
193	5589
194	4663
194	4572
193	5670
193	5626
193	5638
193	5661
194	4619
195	3661
195	3591
195	3641
195	3633
193	5659
195	3677
193	5624
194	4646
195	3607
195	3629
196	8736
198	6687
197	7708
196	8689
197	7744
198	6767
198	6778
196	8748
197	7742
198	6767
198	6696
197	7769
196	8732
197	7704
197	7745
196	8758
198	6730
197	7729
198	6760
197	7808
196	8737
198	6780
196	8717
198	6750
197	7806
196	8806
196	8766
198	6766
197	7736
196	8819
201	2747
199	8375
199	8397
200	3785
201	2828
201	2781
199	8378
200	3754
201	2829
201	2802
200	3784
200	3847
201	2767
200	3790
199	8386
201	2843
201	2833
201	2882
200	3862
199	8407
199	8459
200	3854
199	8470
200	3844
200	3885
199	8452
201	2829
199	8404
200	3839
199	8395
204	7234
202	9272
203	8204
206	5238
205	6240
202	9254
207	4224
206	5217
207	4280
206	5234
203	8306
206	5288
205	6249
205	6312
203	8265
205	6247
206	5320
204	7262
204	7243
207	4327
203	8300
205	6296
205	6254
205	6297
206	5330
205	6322
203	8325
206	5318
203	8280
207	4342
204	7263
204	7308
203	8270
204	7293
202	9306
203	8359
206	5332
205	6282
204	7378
202	9310
204	7354
202	9387
202	9369
205	6382
203	8336
207	4347
207	4370
207	4344
204	7386
204	7400
202	9331
206	5354
202	9325
207	4377
202	9369
202	9389
203	8383
206	5333
208	5676
209	4710
210	3675
210	3687
208	5729
211	2752
209	4745
209	4705
210	3750
210	3733
209	4703
209	4725
207	6701
208	5723
210	3789
209	4709
209	4760
208	5747
208	5798
210	3749
211	2799
209	4715
210	3747
210	3778
208	5798
208	5737
210	3807
208	5797
209	4817
209	4808
207	6729
208	5732
210	3733
208	5783
212	5290
212	5294
212	5286
212	5068
213	4320
212	5165
213	4314
211	6317
211	6280
212	5343
213	4285
213	4249
212	5216
212	5298
212	5343
213	4289
213	4270
213	4313
213	4251
211	6297
211	6277
211	6287
213	4289
211	6329
213	4372
211	6343
212	5096
211	6324
216	4009
214	6025
216	4057
215	5000
217	3063
217	3079
215	5001
216	4016
214	6017
216	4014
216	4077
215	5049
214	6021
214	6073
216	4021
215	5114
214	6117
215	5080
216	4092
214	6104
214	6073
215	5115
215	5046
214	6129
214	6052
216	4085
216	4146
215	5119
214	6109
217	3140
215	5104
216	4126
215	5159
219	4233
219	4166
218	5168
219	4221
219	4192
219	4236
219	4218
217	6210
217	6233
218	5226
217	6186
219	4199
218	5282
217	6231
217	6206
218	5268
219	4279
217	6260
218	5254
218	5215
218	5235
218	5286
218	5271
217	6231
218	5233
219	4243
219	4303
221	5014
221	5087
220	6013
222	4108
221	5060
221	5112
220	6032
222	4034
221	5048
220	6069
222	4031
220	6055
221	5098
222	4079
220	6113
223	3136
222	4098
220	6110
221	5087
221	5128
222	4086
222	4077
222	4128
220	6160
222	4149
222	4140
220	6120
220	6161
223	3162
221	5133
221	5083
220	6113
224	5243
224	5218
225	4270
223	6262
223	6216
224	5247
225	4241
223	6244
224	5216
225	4270
225	4262
224	5315
225	4290
224	5260
223	6305
224	5294
224	5305
223	6245
225	4325
223	6265
223	6297
225	4245
223	6290
224	5329
225	4341
224	5260
225	4261
225	4272
227	4797
227	4769
228	3780
229	2842
228	3775
227	4847
226	5840
226	5771
226	5864
227	4836
227	4777
228	3849
227	4831
229	2873
226	5835
226	5847
226	5802
227	4813
226	5833
229	2862
228	3888
228	3858
226	5830
227	4890
228	3840
228	3807
228	3887
226	5828
228	3857
227	4839
226	5890
227	4879
228	3841
229	9121
229	9133
229	9085
229	9110
231	7171
230	8112
231	7146
230	8169
230	8111
230	8134
231	7136
229	9169
229	9144
230	8164
231	7158
231	7209
230	8180
230	8123
230	8205
231	7135
231	7196
231	7151
231	7131
229	9142
231	7193
230	8223
230	8173
233	4247
234	3256
234	3249
234	3241
232	8774
234	3174
233	4198
232	8803
232	8816
233	4250
233	4270
234	3254
233	4195
233	4206
234	3230
233	4252
233	4242
232	8782
232	8881
234	3230
232	8801
232	8853
234	3221
233	4242
233	4293
234	3262
234	3274
232	8876
232	8886
232	8837
236	4425
235	5437
237	3449
236	4442
237	3443
237	3386
237	3438
236	4469
235	5473
236	4405
236	4468
235	5407
237	3422
235	5401
236	4443
237	3399
236	4430
235	5450
237	3421
236	4416
235	5487
236	4446
235	5448
236	4408
235	5439
235	5473
237	3463
237	3504
235	5413
237	3455
239	4617
239	4545
239	4567
238	5541
238	5553
238	5595
240	3598
238	5620
238	5643
239	4636
240	3567
239	4558
240	3643
239	4606
240	3627
240	3571
239	4621
238	5632
238	5609
238	5620
238	5601
240	3671
240	3606
240	3657
240	3627
239	4657
240	3618
239	4649
239	4609
238	5671
242	4725
241	5729
241	5744
241	5766
243	3786
243	3710
241	5722
242	4724
243	3746
242	4765
243	3761
242	4722
242	4743
242	4763
243	3745
242	4726
241	5728
242	4808
241	5791
241	5782
242	4821
241	5765
243	3753
241	5846
243	3815
242	4846
243	3785
243	3846
241	5848
243	3838
245	4840
244	5798
244	5884
245	4838
246	3761
244	5850
245	4894
244	5891
246	3738
246	3779
244	5866
246	3822
245	4912
246	3783
244	5911
245	4873
244	5871
245	4925
244	5913
245	4856
245	4867
245	4917
246	3849
244	5853
244	5876
245	4879
246	3834
246	3944
246	3786
246	3795
247	5411
249	3455
247	5437
250	2408
247	5470
248	4391
250	2444
250	2467
249	3388
248	4452
249	3433
249	3445
250	2467
249	3432
250	2413
249	3417
247	5459
250	2408
248	4504
247	5496
247	5425
250	2456
248	4422
249	3515
247	5495
247	5454
247	5445
249	3445
248	4452
248	4515
250	2526
248	4475
250	2485
248	4506
248	4472
247	5443
249	3514
250	2464
248	4495
249	3506
252	3566
251	4575
251	4594
252	3566
251	4537
252	3591
252	3538
252	3610
251	4561
251	4636
252	3566
251	4587
251	4652
252	3651
252	3591
252	3665
251	4614
252	3648
251	4651
251	4601
255	3528
255	3497
255	3560
255	3552
253	5494
255	3536
255	3498
253	5551
254	4505
253	5524
255	3527
253	5539
254	4524
254	4546
253	5575
254	4555
254	4602
255	3611
254	4593
253	5533
254	4581
253	5610
255	3611
253	5571
254	4551
254	4592
253	5603
255	3564
253	5625
254	4626
258	3541
257	4555
257	4577
256	5608
257	4612
256	5543
258	3605
258	3568
258	3538
256	5612
258	3637
256	5549
258	3598
256	5612
258	3632
258	3593
258	3618
258	3569
257	4561
257	4581
256	5616
257	4626
256	5598
256	5658
256	5613
257	4644
257	4665
257	4585
257	4615
256	5597
261	3398
260	4370
259	5403
260	4355
260	4387
261	3378
261	3400
259	5361
259	5404
259	5386
261	3358
261	3432
259	5434
260	4366
259	5461
261	3392
260	4448
259	5459
261	3467
261	3428
261	3397
260	4444
261	3485
259	5393
260	4416
259	5423
260	4485
260	4496
259	5446
260	4466
262	5533
262	5565
264	3598
262	5551
262	5622
264	3547
263	4589
263	4571
264	3545
262	5619
263	4589
264	3615
263	4615
264	3591
264	3642
263	4582
262	5620
264	3659
263	4660
264	3626
264	3617
262	5577
262	5637
262	5663
263	4583
263	4663
264	3604
263	4594
262	5618
263	4657
267	3222
265	5302
267	3324
265	5298
265	5288
265	5241
267	3280
266	4305
265	5278
266	4260
266	4281
267	3273
266	4276
265	5297
267	3289
266	4352
267	3270
265	5344
267	3316
265	5290
266	4269
267	3328
267	3344
266	4356
265	5367
266	4326
265	5288
266	4347
266	4320
267	3360
269	8988
269	8981
268	10023
268	10046
268	10068
269	9020
269	9072
269	9044
268	10029
268	10001
269	8993
270	8085
269	9047
268	10004
268	10025
269	9035
269	9089
268	10090
268	10046
269	9087
268	10078
271	11341
272	10463
271	11396
270	12376
271	11390
275	7452
273	9415
272	10438
273	9411
274	8484
272	10473
270	12474
273	9487
270	12417
272	10493
273	9456
275	7477
275	7430
270	12505
272	10449
273	9501
273	9494
274	8516
274	8499
274	8462
271	11528
272	10461
271	11503
271	11514
274	8497
273	9511
275	7516
271	11539
270	12524
273	9566
271	11517
270	12541
273	9493
275	7568
274	8499
272	10557
272	10498
272	10539
275	7497
270	12525
275	7526
271	11598
271	11508
270	12547
274	8585
275	7555
274	8566
274	8515
275	7607
272	10557
270	12556
273	9528
275	7558
274	8558
278	9579
276	11584
277	10649
279	8633
276	11637
278	9646
277	10602
279	8667
278	9570
277	10652
277	10664
276	11608
277	10650
279	8632
277	10596
279	8656
276	11662
278	9670
276	11687
278	9696
278	9635
278	9618
276	11704
277	10636
279	8626
279	8701
278	9680
278	9639
277	10677
279	8677
277	10638
277	10669
279	8664
279	8638
276	11639
276	11691
278	9688
279	8663
276	11654
276	11685
280	12602
284	8623
283	9656
284	8608
281	11669
283	9657
282	10685
280	12627
283	9648
280	12699
283	9640
282	10647
280	12629
281	11467
283	9711
282	10691
284	8637
281	11621
280	12659
280	12710
283	9730
280	12730
281	11495
282	10658
283	9650
283	9660
281	11458
281	11740
282	10692
282	10651
281	11727
284	8673
284	8754
284	8694
282	10715
282	10695
281	11492
280	12726
282	10755
281	11498
280	12721
283	9722
284	8762
284	8742
284	8753
280	12713
281	11648
283	9734
284	8734
282	10755
285	19769
286	18798
287	17738
286	18793
285	19838
285	19810
285	19803
285	19836
285	19778
286	18832
287	17805
287	17820
286	18851
287	17835
285	19784
285	19848
287	17801
287	17816
285	19785
286	18793
287	17864
286	18805
286	18831
285	19829
286	18823
287	17815
286	18898
286	18856
287	17897
287	17907
290	15018
293	11993
292	12953
289	15946
291	14007
291	13969
288	17002
293	11996
290	15046
292	12989
289	16012
292	13032
292	13045
289	16038
288	16970
290	15001
290	15044
290	14985
288	17000
289	16022
291	14032
288	17057
292	13077
289	16072
289	16053
290	15054
293	12018
291	14068
291	14028
288	17034
288	17065
290	15003
289	16039
293	12041
288	17021
290	15064
289	16037
291	14105
290	15036
291	14100
292	13042
291	14021
288	17107
293	12039
293	12117
288	17073
292	13033
289	16045
293	12100
290	15077
292	13079
288	17135
289	16136
291	14054
293	12129
292	13101
292	13110
291	14092
295	12580
296	11610
297	3359
294	13567
293	14543
294	13603
296	11545
297	3445
297	3408
297	3471
294	13557
296	11598
297	3449
296	11572
296	11617
294	13650
296	11592
294	13614
295	12664
295	12655
295	12610
294	13592
297	3458
294	13603
296	11617
294	13679
295	12628
295	12648
294	13660
293	14582
296	11685
295	12606
297	3464
295	12617
297	3434
296	11658
297	3451
296	11675
297	3512
294	13656
295	12656
295	12606
298	5024
299	3981
299	4003
299	3944
300	2975
299	3985
299	4056
300	2979
300	3067
299	4058
299	4025
300	3069
299	4112
298	5100
298	5112
299	4098
298	5076
298	5081
298	5103
300	3084
299	4087
300	3157
298	5104
300	3171
298	5157
300	3154
298	5217
300	3172
298	5207
300	3236
301	5174
301	5108
301	5133
301	5173
301	5154
301	5204
301	5175
301	5155
301	5116
301	5136