timeFrame	TimeOverhead
4	2566
2	4571
3	3571
9	3766
8	4770
6	6776
5	7778
10	2777
11	1777
7	5778
12	7350
13	6458
19	466
15	4475
14	5477
17	2474
16	3476
18	1477
22	10544
20	12551
26	6563
24	8566
21	11567
23	9567
25	7591
27	3965
28	2973
30	7982
34	3988
31	6992
29	8997
35	2997
33	4997
32	6000
36	2001
38	3434
37	4440
40	1438
39	2442
41	442
47	7319
42	12323
48	6347
44	10348
43	11349
46	8349
45	9352
49	5354
51	4167
54	1170
53	2174
52	3177
50	5179
55	7910
61	879
59	6472
56	9475
60	1898
58	7483
57	8483
63	4871
65	2878
66	1881
62	5884
64	3885
67	3433
68	5849
70	3849
71	2855
69	4857
73	3522
72	4525
75	6593
79	2597
78	3601
76	5605
74	7606
77	4606
80	4310
81	3318
87	10298
82	15311
90	7317
85	12319
84	13319
83	14328
86	11328
88	9329
89	8329
91	6329
92	3793
93	2797
96	3242
94	5250
95	4252
97	4807
98	3811
99	2814
102	6806
100	8811
104	4819
103	5820
101	7821
105	3820
106	2821
110	9300
111	8310
112	7316
108	11317
113	6317
114	5318
109	10317
107	12319
115	5004
117	3014
116	4018
119	1022
118	2023
121	9284
122	8298
123	7301
124	2708
126	711
125	1715
120	10314
129	3688
127	5700
131	1703
130	2704
128	4704
132	3210
135	3790
133	5796
134	4799
136	2800
138	3212
137	4217
140	6409
142	4414
141	5417
144	2419
139	7421
143	3421
146	4958
145	5966
152	10193
153	9201
155	7208
156	2636
147	15220
149	13219
148	14220
151	11218
150	12219
154	8217
158	2599
157	3606
161	3082
160	4089
159	5093
163	3626
164	2629
162	4637
168	5639
166	7644
165	8647
167	6651
169	4651
171	2650
170	3653
177	21846
178	20852
176	22856
172	26859
179	19860
173	25868
174	24869
175	23878
180	19041
181	6734
183	2929
182	3935
185	4401
184	5408
187	2411
186	3412
188	1413
189	2929
196	1129
190	7137
195	2134
192	5140
191	6142
193	4140
194	3139
197	10344
199	25378
215	3160
205	19382
202	22383
212	6398
208	13974
211	7401
201	23394
200	24399
206	17058
204	20395
214	4183
203	21402
198	26406
213	5406
210	11981
207	16067
209	12983
217	2866
216	3869
218	1870
221	6677
219	8691
223	4691
220	7697
224	3696
222	5697
225	2697
227	4131
226	5138
228	3139
230	1137
229	2140
231	2642
232	5136
233	4138
235	2139
234	3141
237	10105
236	11118
239	17718
248	5133
246	7145
242	14742
240	16745
247	6157
243	10160
241	15746
249	4157
244	9164
238	18754
250	3162
245	8164
251	7503
252	6512
253	5514
255	8501
254	9508
257	6511
256	7514
258	5513
261	3261
260	4262
262	2262
259	5264
263	1263
264	4495
265	8503
267	6515
268	5518
269	4519
266	7522
270	3523
271	11088
272	10098
275	7128
273	9132
274	8133
276	4485
277	3490
278	2496
296	13989
292	18006
297	13004
279	33101
282	30101
280	32103
287	23179
298	12026
295	15012
289	21034
286	24182
293	17034
290	20035
283	29120
288	22188
284	28120
281	31123
294	16042
291	19043
285	25193
300	10445
299	11461
301	9479
2	9971
3	9971
9	5113
7	7122
6	8124
10	4123
8	6130
11	3129
4	10135
5	9112
13	7155
14	6160
12	8133
15	8132
18	5142
17	6144
16	7149
20	6151
19	7155
22	9708
21	10714
23	8720
28	8300
29	7311
27	12905
30	6333
31	5334
32	4335
33	3364
24	15959
25	14959
26	13960
35	11348
34	12352
40	6356
38	8360
36	10368
39	7369
37	9371
41	5388
43	10427
42	11437
44	9441
47	6445
45	8451
48	5452
46	7455
51	5363
50	6368
53	3371
52	4377
49	7380
56	10716
57	9719
58	8723
54	12733
55	11737
62	3554
61	4559
59	10151
63	2569
60	5575
64	4430
65	3436
69	4837
68	5838
70	3842
67	6845
66	7850
73	5108
74	4114
72	6118
71	7123
75	8101
76	7107
78	5109
77	6113
79	6945
83	5098
81	7106
80	8110
82	6111
85	11686
84	12693
89	10332
88	11343
87	12344
86	13344
91	8345
90	9347
92	7346
93	2763
95	3946
94	4952
97	1957
96	2957
98	960
99	10385
100	9389
101	8395
104	7656
102	9660
108	3660
107	4664
105	6669
103	8672
106	5672
109	9092
110	8149
113	5152
111	7155
112	6158
115	8089
114	9093
120	8886
123	5892
121	7897
119	9904
118	10906
122	6906
117	11911
116	12913
126	2346
125	3351
127	1358
124	7948
128	365
131	7652
129	9656
132	6659
135	3663
134	4674
133	5676
130	8678
138	6761
136	8767
139	5770
137	7781
140	8150
142	6155
141	7160
143	5167
144	7074
147	6257
145	8304
146	7306
148	5307
150	11918
149	12922
152	12246
155	9251
154	10255
157	3675
156	8260
151	13265
153	11265
160	3760
163	765
159	4770
158	5775
162	1775
161	2776
164	10466
165	9470
166	8475
169	7642
172	4645
171	5649
170	6653
173	3655
168	8660
167	9661
174	4068
175	8073
177	6077
176	7081
178	5085
179	7175
180	6182
182	6065
183	5067
181	7071
185	7649
184	8653
186	6657
190	6064
189	7073
193	3082
192	4092
188	11677
191	5096
187	12681
195	8458
199	4463
200	3467
194	9475
197	6478
198	5483
196	7486
204	5583
203	6587
201	8594
202	7597
208	5060
205	8067
207	6071
206	7073
209	6579
211	7068
212	6072
210	8075
213	5080
215	37564
214	38566
240	24918
250	14931
231	33938
227	37974
244	20970
234	30984
258	3395
246	18994
228	37008
237	28008
233	32016
248	17026
239	26031
223	42037
252	13030
241	24034
235	30038
249	16058
247	18060
236	29064
221	47652
255	6475
243	22067
220	48656
257	4479
218	50658
217	51660
229	36077
225	40080
253	12100
224	41110
216	52695
232	33111
226	39114
256	5522
245	20111
251	14111
222	43229
238	27226
254	7637
242	23227
219	49816
230	35232
259	4041
261	2052
260	3056
264	3583
263	4587
265	2589
262	5592
267	1196
266	2203
272	6044
269	9052
270	8057
271	7062
268	10064
273	5065
278	16940
275	19947
276	18950
282	12963
286	5390
283	11978
277	17990
274	20991
285	9996
284	11000
281	14006
280	15010
279	16012
289	4680
291	2682
292	1687
288	5693
290	3697
287	6699
293	5040
300	6103
297	9111
296	10115
295	11118
298	8122
299	7122
294	12125
301	7030
2	5386
4	3581
3	4599
5	2601
7	4147
6	5154
8	5390
10	3392
9	4397
13	3166
12	4174
11	5177
14	15302
21	8303
19	10310
16	13316
18	11318
15	14318
17	12324
22	7322
20	9325
25	4990
24	5996
23	7001
30	6857
35	1879
32	4884
31	5890
33	3891
26	10896
28	8895
27	9897
34	2897
29	7902
36	5135
38	4857
37	5868
39	3871
40	2871
41	5126
42	4140
44	12173
49	7177
47	9183
52	4192
50	6194
43	13198
46	10204
45	11208
51	5207
48	8207
53	11711
54	10716
55	9721
57	13779
61	6197
65	2199
62	5207
63	4207
64	3217
58	9221
56	14807
60	7222
59	8223
67	4123
66	5126
69	4185
70	3192
68	5194
73	3128
72	4134
71	5138
80	2526
74	8531
77	5534
79	3539
75	7545
78	4544
76	6547
82	4126
81	5137
83	14457
92	1878
85	12465
87	10482
86	11494
88	9496
90	3939
89	8522
91	2940
84	13525
93	1582
94	7140
95	7281
97	5289
96	6293
99	3294
98	4296
100	2297
101	5616
103	3620
105	1624
104	2626
102	4628
106	5123
107	5584
109	3602
108	4605
110	2612
112	2900
111	3903
113	7306
114	6314
117	3933
115	5941
116	4954
119	10698
118	11703
120	9704
126	6027
122	13613
121	14616
128	4039
129	3040
127	5046
123	9047
130	2048
125	7049
124	8051
131	5108
135	3015
134	4024
132	6028
133	5029
137	4106
136	5115
140	7298
139	8301
144	3302
142	5306
141	6310
145	2312
138	9317
143	4316
147	4102
146	5105
152	10293
154	8296
153	9299
149	13305
148	14310
151	11311
150	12312
156	2731
155	3733
157	1733
158	1417
159	6426
164	1432
163	2438
165	439
161	4447
160	5450
162	3452
167	4429
170	1430
169	2435
168	3435
166	5437
171	5104
173	4488
172	5497
174	3503
175	2504
177	2703
176	3706
179	6111
178	7117
181	4723
182	3730
180	5734
184	10680
185	9685
183	11690
186	13687
187	9108
190	6110
188	8114
191	5118
189	7121
192	4121
193	3829
195	1831
194	2835
196	5083
198	4826
200	2830
197	5833
199	3834
201	5110
202	4115
207	5139
208	4149
206	6155
209	3155
203	9157
210	2156
205	7159
204	8161
211	5082
212	4088
213	14138
219	4571
218	9168
214	13177
221	2595
216	11179
215	12186
220	3604
217	10188
222	1605
223	1250
224	6450
225	11088
230	6089
227	9094
228	8097
226	10100
229	7101
234	2256
233	3262
231	5267
232	4271
235	1270
236	5121
237	5235
238	4242
240	2248
239	3252
241	3614
242	2619
244	5914
243	6918
245	5734
246	4738
247	3740
250	10103
252	4524
248	12110
251	9111
249	11111
254	2656
253	3660
256	664
255	1666
258	4645
260	2649
259	3655
257	5657
261	5067
262	4074
263	7325
266	4327
267	3332
264	6335
270	335
268	2340
265	5341
269	1342
271	4661
275	671
272	3679
274	1680
273	2683
277	4062
276	5064
279	8532
280	7537
278	9543
282	5547
281	6550
283	5282
287	4060
286	5069
285	6072
284	7074
288	4049
289	3055
290	2062
292	4061
291	5067
293	6114
294	5116
295	4117
298	3060
296	5063
297	4067
300	11083
301	10093
299	12098
2	4973
3	3990
5	1992
4	2994
6	3334
7	7662
9	5666
8	6670
12	3259
11	4268
10	5273
15	4533
14	5539
13	6542
16	4636
17	3640
18	3370
19	2378
20	1380
21	2665
24	3358
23	4362
22	5365
25	2365
26	4895
27	3900
33	7358
28	12364
29	11365
32	8365
30	10367
31	9360
35	5360
34	6361
36	4382
37	3383
38	2384
39	1384
40	385
41	4891
42	3908
47	4628
44	7632
43	8636
45	6639
46	5642
48	1444
54	2782
50	6787
49	7792
53	3793
51	5795
52	4796
55	1796
56	4889
58	4853
57	5862
60	2865
59	3867
61	4062
62	3067
64	11899
68	7907
65	10913
70	5912
67	8918
66	9920
69	6920
63	12922
71	13479
76	8487
72	12489
77	7494
74	10497
73	11500
75	9501
81	4461
82	3466
78	11054
80	9057
79	10068
85	1186
84	2192
83	3194
86	4900
88	4199
87	5203
90	2207
89	3209
91	4877
92	3882
94	6147
99	1163
96	4164
95	5167
100	168
93	7161
98	2162
97	3163
105	13739
101	17743
102	16747
109	9749
103	15757
106	12759
107	11772
104	14774
110	8773
108	10774
111	8457
114	1873
113	2874
115	875
112	7461
117	3868
116	4876
120	2592
119	3596
118	4599
122	3877
121	4881
124	11609
127	8613
126	9615
135	617
130	5629
128	7631
123	12633
134	1632
132	3633
131	4647
129	6649
125	10651
133	2650
137	3865
136	4875
138	5898
142	1900
140	3904
139	4907
141	2907
143	6452
147	2288
145	4296
144	8883
146	3301
149	1005
148	2007
154	2005
150	6011
151	5019
155	1021
153	3023
152	4025
160	2006
157	5013
156	6020
158	4020
159	3021
161	4888
165	3017
162	6027
163	5032
164	4034
166	4477
167	3481
172	4285
170	6290
169	7294
168	8297
171	5296
173	7617
174	6620
176	4624
175	5627
178	8415
181	5419
184	2419
185	1425
180	6427
177	9429
182	4429
179	7431
183	3430
186	4850
187	5435
188	4436
189	3437
190	2440
192	3852
191	4859
198	2087
200	90
195	5098
193	7102
196	4107
199	1113
197	3115
194	6121
201	4849
203	11439
205	9442
204	10447
202	12458
206	8458
207	7462
212	1083
211	2087
209	7675
208	8680
210	3096
213	816
220	5852
217	8856
216	9860
218	7863
214	11869
219	6870
215	10873
224	2329
223	3334
221	5341
225	1343
222	4345
226	5814
229	2818
228	3823
230	1825
227	4829
231	3093
232	7511
234	5515
233	6519
237	3094
236	4100
235	5102
239	10421
238	11430
240	9434
241	8677
242	4101
246	239
245	1247
244	2250
243	3252
247	5223
248	4226
249	3229
250	2231
252	2519
251	3523
255	10252
258	7257
261	4259
260	5265
254	11270
262	3277
259	6280
256	9282
263	2282
257	8285
253	12287
264	1285
265	2519
267	3829
266	4836
270	3507
271	2514
272	1517
268	5523
269	4524
273	4841
276	2921
274	4925
277	1927
275	3931
278	1630
279	6657
281	5150
284	2155
282	4161
283	3164
285	1165
280	6167
287	4635
289	2638
288	3641
286	5643
290	5828
291	4834
294	3658
293	4664
295	2673
292	5676
297	2929
296	3938
298	7326
299	6328
300	5827
302	3831
301	4836
303	7249
305	5254
304	6257
310	6050
314	2052
315	1056
313	3059
308	8065
307	9066
309	7071
312	4071
306	10073
311	5074
316	4820
318	4043
319	3046
317	5051
320	2052
322	3817
321	4825
323	5049
325	3053
324	4057
326	4816
328	2822
327	3827
335	8313
330	13321
331	12330
329	14330
334	9331
332	11332
333	10337
336	7339
337	6339
338	6645
340	1066
339	2070
344	2458
341	5463
342	4466
343	3471
345	1472
346	4814
350	2455
348	4463
347	5466
349	3466
352	3813
351	4819
354	11822
355	10826
360	5828
356	9832
358	7839
357	8840
359	6840
353	12841
366	8346
365	9352
361	13362
362	12369
367	7368
364	10370
363	11371
369	6068
370	5072
368	7078
373	8872
379	2876
375	6879
380	1882
376	5887
372	9888
371	10893
377	4900
374	7902
378	3903
381	4809
384	3866
383	4877
382	5881
385	5807
387	3813
386	4816
391	6154
389	8158
392	5160
393	4161
395	2164
394	3172
390	7175
388	9177
397	3788
396	4794
402	4951
398	8959
400	6958
399	7960
401	5961
403	894
409	2277
408	3280
405	6285
406	5287
407	4287
404	7290
410	5801
411	4811
414	3273
413	4278
412	5279
417	3798
416	4805
415	5808
423	3658
424	2665
422	4669
418	8671
421	5675
420	6676
419	7678
428	10542
431	7552
425	13560
429	9563
427	11566
432	6572
430	8574
426	12577
434	5884
435	1301
433	6891
441	5685
437	9689
443	3692
439	7695
436	10699
442	4701
440	6703
438	8704
444	2707
446	4788
445	5796
449	3677
447	5680
448	4683
452	3789
450	5799
451	4804
456	8964
458	6967
457	7970
461	3972
455	9978
453	11984
459	5982
454	10986
462	2988
460	4989
463	11437
464	10442
465	9498
466	8500
467	7503
470	1707
468	3712
469	2716
471	4783
472	5090
474	3097
473	4102
476	3379
477	2383
475	4387
484	6101
482	8105
478	12108
483	7110
481	9113
479	11118
480	10122
485	5587
487	3590
488	2592
489	1596
486	4598
490	5781
491	6766
496	2379
493	5381
497	1382
495	3383
494	4385
492	6386
498	6296
499	8282
500	3773
501	2784
502	1785
503	1497
509	1529
504	6533
507	3535
506	4541
508	2548
505	5550
511	1794
510	2804
513	3497
514	2500
512	4505
515	5767
516	4781
518	4513
519	3517
517	5523
522	2803
521	3810
520	4814
524	6182
523	7186
525	5774
527	3780
526	4784
528	11341
530	9346
529	10350
538	3910
531	14507
539	2925
534	7932
537	4933
535	6934
533	8940
532	9943
536	5941
541	4769
540	5774
544	3920
542	5928
543	4931
545	5760
546	4772
547	3777
550	7215
554	3226
553	4233
548	9245
552	5246
549	8253
551	6255
555	5763
557	3775
556	4782
563	4502
562	5507
560	7514
558	9517
561	6517
559	8518
566	2650
564	4673
565	3677
567	1681
568	1327
571	4340
572	3347
574	1352
573	2358
569	6361
570	5371
575	5755
576	5311
578	3315
577	4319
579	2321
580	5758
581	4767
584	3324
583	4327
582	5331
587	2612
586	3618
585	4621
589	5996
588	7008
591	4613
592	3617
590	5622
594	5927
593	6935
595	4938
597	9729
602	4739
598	8742
601	5748
599	7749
603	3750
604	2751
600	6752
596	14338
606	4754
605	5759
609	3722
608	4726
607	5729
611	4753
610	5759
612	3764
618	4022
614	8032
619	3033
617	5036
616	6040
615	7042
613	9044
621	4749
620	5757
626	6492
628	4499
622	10505
623	9508
624	8510
627	5512
625	7512
631	2405
632	1411
629	4416
630	3417
633	1143
634	6159
635	5169
638	2171
637	3174
636	4178
639	1179
640	5742
642	4130
643	3134
641	5138
644	2138
646	4741
645	5750
648	4178
649	3187
647	5191
650	4437
652	2453
651	3458
654	5832
653	6836
655	5433
656	4438
657	3444
658	6743
660	4747
659	5752
664	7562
668	3565
661	10573
667	4574
665	6580
662	9583
666	5582
669	2585
663	8588
671	4735
670	5742
674	3539
672	5544
673	4547
677	3742
676	4749
675	5752
679	7854
683	3868
681	5870
682	4875
680	6875
678	8876
684	2880
686	4735
685	5741
689	7787
687	9792
690	6795
691	5797
688	8801
692	4800
694	6955
697	3966
698	2970
693	7972
695	5972
696	4972
699	6734
700	5739
701	5980
703	3983
704	2988
702	4992
706	4728
705	5734
709	3967
707	5977
708	4980
712	3721
710	5726
711	4731
716	12845
722	6850
719	9853
720	8855
714	14859
713	15866
718	10865
717	11867
721	7871
715	13873
725	4541
723	6544
724	5545
730	2569
731	1572
729	3575
726	6578
727	5582
732	583
728	4585
733	3360
734	2365
736	4721
735	5728
738	4385
739	3388
737	5390
740	5718
741	4724
742	3728
747	8661
745	10670
748	7672
746	9679
750	5677
744	11685
751	4684
743	12688
749	6687
752	3687
753	11302
755	9306
754	10311
756	14384
761	5806
760	6809
763	3811
762	4816
764	2821
757	13407
759	7823
758	8824
766	4716
765	5721
768	4787
769	3795
767	5799
770	5714
772	3718
771	4724
776	6128
779	3134
774	8140
777	5143
773	9152
775	7156
778	4156
781	4713
780	5723
786	8300
783	11308
788	6310
787	7316
784	10319
782	12321
785	9322
790	3444
792	1444
789	8031
791	2448
793	1190
794	6212
798	2215
797	3218
799	1219
795	5225
796	4235
800	5721
804	2175
803	3178
801	5183
802	4180
805	5706
806	4711
809	3194
808	4201
807	5204
812	2484
810	4489
811	3495
813	6863
814	5865
815	5700
816	4706
817	3710
819	10285
818	11290
825	6625
827	4629
826	5632
824	7638
823	8644
829	2643
828	3644
822	9650
821	14234
820	15235
831	4694
830	5702
834	3580
833	4597
832	5605
837	3691
836	4696
835	5701
841	5890
843	3900
839	7906
838	8912
844	2913
840	6913
842	4916
846	4692
845	5700
847	14954
854	7956
848	13960
856	2378
853	8968
849	12969
852	9977
851	10979
857	1394
855	3397
850	11983
858	1005
863	3625
862	4640
864	2642
860	6649
859	7651
861	5662
865	6016
867	4023
868	3025
869	2028
866	5033
870	5686
873	4016
874	3021
872	5024
871	6028
875	4253
876	3257
877	7632
879	5638
878	6640
880	5235
882	3242
881	4246
883	11263
885	9274
884	10277
886	14004
888	8424
887	9435
894	2437
889	7440
892	4445
891	5447
890	6449
893	3450
895	3698
896	2701
899	3548
897	5556
898	4559
900	5678
901	4685