timeFrame	cpuPerc	memoryPerc	memoryUsed
0	10.0	15.5	0.32172032
0	10.0	15.5	0.32172032
0	10.0	15.5	0.321716224
0	11.1	15.5	0.321716224
0	11.1	15.5	0.321716224
1	20.0	15.5	0.321531904
1	20.0	15.5	0.32149504
1	10.0	15.5	0.32149504
2	30.0	15.5	0.32149504
2	18.2	15.5	0.32149504
2	11.1	15.5	0.32149504
2	11.1	15.5	0.32149504
2	9.1	15.5	0.32149504
3	10.0	15.5	0.32149504
3	20.0	15.5	0.321622016
3	11.1	15.5	0.321622016
3	9.1	15.5	0.321622016
3	10.0	15.5	0.321622016
3	10.0	15.5	0.321622016
4	11.1	15.5	0.321593344
4	9.1	15.5	0.32157696
4	10.0	15.5	0.32157696
5	10.0	15.5	0.32157696
5	10.0	15.5	0.32157696
5	9.1	15.5	0.321703936
5	10.0	15.5	0.321703936
5	9.1	15.5	0.321703936
6	10.0	15.5	0.321703936
6	10.0	15.5	0.321703936
6	9.1	15.5	0.321703936
7	20.0	15.5	0.321957888
7	9.1	15.5	0.321957888
8	10.0	15.5	0.322084864
8	91.7	15.5	0.321703936
8	25.0	15.5	0.321691648
8	10.0	15.5	0.321691648
8	10.0	15.5	0.321691648
9	9.1	15.5	0.321691648
9	10.0	15.5	0.321691648
9	9.1	15.5	0.321691648
10	10.0	15.5	0.321691648
10	27.3	15.5	0.321691648
11	18.2	15.5	0.321691648
11	20.0	15.5	0.3219456
11	10.0	15.5	0.3219456
11	9.1	15.5	0.3219456
11	10.0	15.5	0.3219456
12	11.1	15.5	0.3219456
12	27.3	15.5	0.321712128
12	10.0	15.5	0.321691648
12	9.1	15.5	0.321691648
12	10.0	15.5	0.321691648
13	10.0	15.5	0.321691648
13	9.1	15.5	0.321691648
14	11.1	15.5	0.321691648
14	10.0	15.5	0.321691648
14	10.0	15.5	0.321818624
15	10.0	15.5	0.321818624
15	18.2	15.5	0.3219456
15	9.1	15.5	0.322072576
15	10.0	15.5	0.322072576
15	9.1	15.5	0.322072576
16	18.2	15.5	0.32172032
16	10.0	15.5	0.321691648
16	9.1	15.5	0.321691648
17	9.1	15.5	0.321691648
17	10.0	15.5	0.321691648
18	9.1	15.5	0.321691648
18	9.1	15.5	0.321691648
19	18.2	15.5	0.321728512
19	10.0	15.5	0.321691648
19	10.0	15.5	0.321691648
19	10.0	15.5	0.321691648
20	10.0	15.5	0.321691648
20	18.2	15.5	0.321691648
20	10.0	15.5	0.321691648
20	9.1	15.5	0.321691648
20	11.1	15.5	0.321691648
20	9.1	15.5	0.321691648
20	10.0	15.5	0.321691648
20	9.1	15.5	0.321691648
21	11.1	15.5	0.321691648
21	10.0	15.5	0.321683456
21	10.0	15.5	0.321683456
21	9.1	15.5	0.321683456
21	10.0	15.5	0.321683456
22	20.0	15.5	0.321810432
22	18.2	15.5	0.321810432
22	9.1	15.5	0.321810432
22	18.2	15.5	0.321712128
23	9.1	15.5	0.321712128
23	12.5	15.5	0.321712128
23	9.1	15.5	0.321712128
23	9.1	15.5	0.321683456
24	20.0	15.5	0.321683456
24	10.0	15.5	0.321683456
24	9.1	15.5	0.321683456
24	9.1	15.5	0.321683456
25	11.1	15.5	0.321810432
25	9.1	15.5	0.321810432
25	10.0	15.5	0.321810432
25	16.7	15.5	0.321810432
25	9.1	15.5	0.321810432
26	11.1	15.5	0.321708032
26	10.0	15.5	0.321683456
26	9.1	15.5	0.321683456
27	18.2	15.5	0.321683456
27	9.1	15.5	0.321683456
27	10.0	15.5	0.321683456
27	9.1	15.5	0.321683456
28	10.0	15.5	0.321683456
28	10.0	15.5	0.321683456
29	10.0	15.5	0.321683456
29	10.0	15.5	0.321810432
30	18.2	15.5	0.321937408
30	10.0	15.5	0.321703936
30	9.1	15.5	0.321683456
31	20.0	15.5	0.321683456
31	10.0	15.5	0.321683456
31	10.0	15.5	0.321683456
31	9.1	15.5	0.321683456
32	10.0	15.5	0.321683456
32	9.1	15.5	0.321683456
32	9.1	15.5	0.321683456
33	11.1	15.5	0.321683456
33	9.1	15.5	0.321810432
33	10.0	15.5	0.321810432
33	9.1	15.5	0.321810432
34	20.0	15.5	0.321703936
34	10.0	15.5	0.321703936
34	10.0	15.5	0.321683456
34	10.0	15.5	0.321683456
35	20.0	15.5	0.321683456
35	9.1	15.5	0.321683456
35	10.0	15.5	0.321683456
36	20.0	15.5	0.321683456
36	10.0	15.5	0.321683456
37	10.0	15.5	0.321683456
37	25.0	15.5	0.321810432
37	10.0	15.5	0.321810432
37	10.0	15.5	0.321937408
37	9.1	15.5	0.321937408
38	10.0	15.5	0.321703936
38	9.1	15.5	0.321683456
39	10.0	15.5	0.321683456
39	9.1	15.5	0.321683456
39	10.0	15.5	0.321683456
40	11.1	15.5	0.32178176
40	10.0	15.5	0.32178176
40	9.1	15.5	0.32178176
40	10.0	15.5	0.32178176
41	18.2	15.5	0.321908736
41	10.0	15.5	0.321908736
41	10.0	15.5	0.321908736
42	27.3	15.5	0.321712128
42	10.0	15.5	0.321712128
42	10.0	15.5	0.321683456
42	9.1	15.5	0.321683456
42	9.1	15.5	0.321683456
42	10.0	15.5	0.321683456
43	20.0	15.5	0.321683456
43	10.0	15.5	0.321683456
44	10.0	15.5	0.321683456
44	10.0	15.5	0.321810432
44	10.0	15.5	0.321810432
44	10.0	15.5	0.321810432
44	9.1	15.5	0.321810432
45	18.2	15.5	0.321937408
45	10.0	15.5	0.321683456
45	11.1	15.5	0.321683456
45	10.0	15.5	0.321683456
46	10.0	15.5	0.321683456
46	18.2	15.5	0.321683456
46	10.0	15.5	0.321683456
46	10.0	15.5	0.321810432
46	10.0	15.5	0.321810432
47	10.0	15.5	0.321810432
47	10.0	15.5	0.321810432
47	9.1	15.5	0.321810432
47	9.1	15.5	0.321810432
47	9.1	15.5	0.321810432
48	10.0	15.5	0.321703936
48	10.0	15.5	0.321703936
48	9.1	15.5	0.321683456
48	10.0	15.5	0.321683456
48	10.0	15.5	0.321683456
49	11.1	15.5	0.321683456
49	10.0	15.5	0.321683456
49	9.1	15.5	0.321683456
50	10.0	15.5	0.321683456
50	10.0	15.5	0.321683456
50	16.7	15.5	0.321683456
50	10.0	15.5	0.321683456
51	9.1	15.5	0.321683456
51	18.2	15.5	0.321937408
51	9.1	15.5	0.321929216
52	9.1	15.5	0.321929216
52	20.0	15.5	0.321839104
52	10.0	15.5	0.32180224
53	18.2	15.5	0.32180224
53	20.0	15.5	0.32180224
53	10.0	15.5	0.32180224
53	10.0	15.5	0.32180224
54	30.0	15.5	0.32180224
55	9.1	15.5	0.32180224
55	11.1	15.5	0.321830912
55	10.0	15.5	0.32180224
56	18.2	15.5	0.32180224
56	18.2	15.5	0.32180224
56	9.1	15.5	0.32180224
56	9.1	15.5	0.32180224
56	10.0	15.5	0.32180224
57	10.0	15.5	0.32180224
57	10.0	15.5	0.32180224
57	9.1	15.5	0.32180224
57	9.1	15.5	0.32180224
57	10.0	15.5	0.32180224
58	20.0	15.5	0.321929216
58	10.0	15.5	0.321929216
58	10.0	15.5	0.321929216
58	9.1	15.5	0.321929216
58	18.2	15.5	0.321929216
59	10.0	15.5	0.321830912
59	9.1	15.5	0.32180224
59	9.1	15.5	0.32180224
59	10.0	15.5	0.32180224
60	10.0	15.5	0.32180224
60	11.1	15.5	0.32180224
60	10.0	15.5	0.32180224
60	16.7	15.5	0.32180224
60	10.0	15.5	0.321929216
61	11.1	15.5	0.321929216
61	16.7	15.5	0.321929216
61	9.1	15.5	0.321929216
61	10.0	15.5	0.321929216
62	10.0	15.5	0.322183168
62	10.0	15.5	0.321957888
62	10.0	15.5	0.321929216
63	20.0	15.5	0.321929216
63	9.1	15.5	0.321929216
64	10.0	15.5	0.321929216
64	10.0	15.5	0.321929216
64	9.1	15.5	0.321929216
64	9.1	15.5	0.321929216
64	9.1	15.5	0.321929216
65	10.0	15.5	0.321929216
65	10.0	15.5	0.321929216
65	10.0	15.5	0.321929216
66	11.1	15.5	0.32196608
66	9.1	15.5	0.321929216
66	10.0	15.5	0.321929216
66	10.0	15.5	0.321929216
67	18.2	15.5	0.321929216
67	10.0	15.5	0.321929216
67	9.1	15.5	0.321929216
67	10.0	15.5	0.321929216
68	10.0	15.5	0.321929216
68	9.1	15.5	0.321929216
69	9.1	15.5	0.322056192
70	10.0	15.5	0.322056192
70	10.0	15.5	0.32196608
70	10.0	15.5	0.32196608
70	9.1	15.5	0.321929216
71	10.0	15.5	0.321929216
71	10.0	15.5	0.321929216
71	9.1	15.5	0.321929216
72	18.2	15.5	0.321929216
72	10.0	15.5	0.321929216
73	10.0	15.5	0.321929216
73	10.0	15.5	0.322056192
73	10.0	15.5	0.322056192
74	20.0	15.5	0.321957888
74	10.0	15.5	0.321929216
75	10.0	15.5	0.321929216
75	10.0	15.5	0.321929216
75	10.0	15.5	0.321929216
75	16.7	15.5	0.321929216
76	18.2	15.5	0.321929216
76	10.0	15.5	0.321929216
76	18.2	15.5	0.321929216
77	10.0	15.5	0.322056192
77	11.1	15.5	0.321957888
77	9.1	15.5	0.321929216
77	10.0	15.5	0.321929216
77	10.0	15.5	0.321929216
78	20.0	15.5	0.321929216
78	9.1	15.5	0.321929216
78	10.0	15.5	0.321929216
78	10.0	15.5	0.321929216
79	10.0	15.5	0.322056192
79	11.1	15.5	0.322056192
79	10.0	15.5	0.322056192
79	10.0	15.5	0.322056192
79	9.1	15.5	0.322056192
80	11.1	15.5	0.322183168
80	9.1	15.5	0.322183168
81	10.0	15.5	0.322183168
81	10.0	15.5	0.321949696
81	10.0	15.5	0.321929216
81	9.1	15.5	0.321929216
82	9.1	15.5	0.321929216
82	10.0	15.5	0.321929216
82	10.0	15.5	0.321929216
82	9.1	15.5	0.321929216
83	9.1	15.5	0.321929216
84	10.0	15.5	0.322056192
84	11.1	15.5	0.322056192
84	10.0	15.5	0.322056192
85	10.0	15.5	0.322056192
85	20.0	15.5	0.321957888
85	16.7	15.5	0.321921024
85	10.0	15.5	0.321921024
86	10.0	15.5	0.321921024
86	18.2	15.5	0.321921024
86	11.1	15.5	0.32229376
86	9.1	15.5	0.322260992
87	10.0	15.5	0.322260992
87	10.0	15.5	0.322260992
88	20.0	15.5	0.322260992
88	9.1	15.5	0.321949696
88	9.1	15.5	0.321921024
88	10.0	15.5	0.321921024
88	10.0	15.5	0.321921024
88	9.1	15.5	0.321921024
89	18.2	15.5	0.321921024
89	9.1	15.5	0.321921024
89	9.1	15.5	0.321921024
90	25.0	15.5	0.321921024
90	10.0	15.5	0.321921024
90	10.0	15.5	0.321921024
91	11.1	15.5	0.321921024
91	10.0	15.5	0.322048
91	10.0	15.5	0.322048
91	10.0	15.5	0.322048
92	11.1	15.5	0.321949696
92	10.0	15.5	0.321921024
92	9.1	15.5	0.321921024
92	9.1	15.5	0.321921024
92	10.0	15.5	0.321921024
93	18.2	15.5	0.321921024
93	9.1	15.5	0.321921024
93	18.2	15.5	0.321921024
94	25.0	15.5	0.321921024
94	18.2	15.5	0.321921024
94	16.7	15.5	0.321921024
95	11.1	15.5	0.322048
95	9.1	15.5	0.322048
95	10.0	15.5	0.322048
95	9.1	15.5	0.322048
96	11.1	15.5	0.321921024
96	9.1	15.5	0.321921024
96	9.1	15.5	0.321921024
97	27.3	15.5	0.32182272
97	9.1	15.5	0.32182272
97	10.0	15.5	0.321794048
97	16.7	15.5	0.321794048
97	10.0	15.5	0.321794048
98	25.0	15.5	0.321794048
98	10.0	15.5	0.321794048
98	9.1	15.5	0.321794048
99	18.2	15.5	0.321794048
99	9.1	15.5	0.321794048
99	9.1	15.5	0.321794048
100	10.0	15.5	0.321794048
100	10.0	15.5	0.321687552
100	10.0	15.5	0.321687552
100	16.7	15.5	0.321667072
100	9.1	15.5	0.321667072
101	10.0	15.5	0.321667072
101	10.0	15.5	0.321667072
101	9.1	15.5	0.321667072
101	10.0	15.5	0.321667072
102	10.0	15.5	0.321667072
102	18.2	15.5	0.321667072
102	11.1	15.5	0.321667072
102	18.2	15.5	0.321667072
103	27.3	15.5	0.321794048
103	10.0	15.5	0.321921024
103	10.0	15.5	0.321695744
105	20.0	15.5	0.321667072
105	10.0	15.5	0.321667072
106	11.1	15.5	0.321667072
106	9.1	15.5	0.321667072
106	10.0	15.5	0.321667072
106	10.0	15.5	0.321667072
106	9.1	15.5	0.321667072
107	10.0	15.5	0.321667072
107	10.0	15.5	0.321921024
107	9.1	15.5	0.321921024
108	18.2	15.5	0.32167936
108	10.0	15.5	0.32167936
108	10.0	15.5	0.321667072
109	10.0	15.5	0.321667072
109	10.0	15.5	0.321667072
110	11.1	15.5	0.321667072
110	10.0	15.5	0.321667072
110	9.1	15.5	0.321667072
111	10.0	15.5	0.321667072
111	11.1	15.5	0.321921024
111	10.0	15.5	0.321921024
111	9.1	15.5	0.321921024
112	10.0	15.5	0.322048
112	10.0	15.5	0.322174976
112	10.0	15.5	0.322174976
112	9.1	15.5	0.322174976
112	10.0	15.5	0.322174976
113	18.2	15.5	0.321806336
113	9.1	15.5	0.321794048
114	9.1	15.5	0.321794048
114	10.0	15.5	0.321794048
114	10.0	15.5	0.321794048
114	9.1	15.5	0.321794048
115	10.0	15.5	0.321794048
115	10.0	15.5	0.321794048
115	9.1	15.5	0.321794048
115	10.0	15.5	0.321794048
116	10.0	15.5	0.321794048
116	10.0	15.5	0.321794048
116	10.0	15.5	0.321921024
117	9.1	15.5	0.321921024
117	10.0	15.5	0.321814528
118	9.1	15.5	0.321785856
118	9.1	15.5	0.321785856
118	10.0	15.5	0.321785856
118	9.1	15.5	0.321785856
119	10.0	15.5	0.321785856
119	10.0	15.5	0.321785856
119	9.1	15.5	0.321785856
120	10.0	15.5	0.321912832
120	10.0	15.5	0.321912832
120	9.1	15.5	0.321912832
121	9.1	15.5	0.322039808
121	10.0	15.5	0.322039808
121	10.0	15.5	0.322039808
122	18.2	15.5	0.321806336
122	9.1	15.5	0.321785856
123	10.0	15.5	0.321785856
123	9.1	15.5	0.321785856
124	20.0	15.5	0.321785856
124	9.1	15.5	0.321785856
125	25.0	15.5	0.321998848
125	10.0	15.5	0.322002944
126	10.0	15.5	0.321818624
126	10.0	15.5	0.321818624
126	10.0	15.5	0.321785856
126	10.0	15.5	0.321785856
126	10.0	15.5	0.321785856
126	10.0	15.5	0.321785856
127	11.1	15.5	0.321785856
127	27.3	15.5	0.321785856
127	22.2	15.5	0.321785856
127	18.2	15.5	0.321785856
128	11.1	15.5	0.321912832
128	10.0	15.5	0.322039808
129	18.2	15.5	0.322039808
129	10.0	15.5	0.322166784
129	9.1	15.5	0.32229376
129	10.0	15.5	0.32229376
129	9.1	15.5	0.32229376
130	18.2	15.5	0.32229376
130	10.0	15.5	0.322203648
130	9.1	15.5	0.322166784
130	10.0	15.5	0.322166784
131	10.0	15.5	0.322166784
131	10.0	15.5	0.322166784
131	18.2	15.5	0.322166784
131	9.1	15.5	0.322166784
131	10.0	15.5	0.322166784
131	10.0	15.5	0.322166784
132	9.1	15.5	0.322166784
132	10.0	15.5	0.322166784
132	18.2	15.5	0.322166784
133	20.0	15.5	0.322166784
133	27.3	15.5	0.32229376
133	10.0	15.5	0.322195456
133	9.1	15.5	0.322166784
134	10.0	15.5	0.322547712
134	10.0	15.5	0.322547712
135	9.1	15.5	0.322547712
135	10.0	15.5	0.322674688
135	10.0	15.5	0.322801664
135	10.0	15.5	0.322801664
136	27.3	15.5	0.32292864
137	10.0	15.5	0.323182592
137	10.0	15.5	0.323182592
137	10.0	15.5	0.32294912
138	11.1	15.5	0.32294912
138	9.1	15.5	0.32292864
138	9.1	15.5	0.323055616
138	10.0	15.5	0.323055616
139	20.0	15.5	0.323055616
139	9.1	15.5	0.323055616
139	10.0	15.5	0.323055616
140	27.3	15.5	0.323055616
140	9.1	15.5	0.323182592
140	18.2	15.5	0.323182592
141	27.3	15.6	0.323309568
141	10.0	15.6	0.323309568
141	10.0	15.6	0.323309568
142	18.2	15.6	0.323436544
142	18.2	15.5	0.323067904
142	10.0	15.5	0.323055616
143	10.0	15.5	0.323055616
143	11.1	15.5	0.323055616
144	18.2	15.5	0.323182592
145	16.7	15.5	0.323182592
145	9.1	15.5	0.323182592
145	9.1	15.5	0.323182592
146	20.0	15.5	0.323182592
146	11.1	15.6	0.323309568
146	20.0	15.6	0.323866624
146	10.0	15.6	0.323817472
146	11.1	15.6	0.323817472
146	9.1	15.6	0.323817472
146	9.1	15.6	0.323817472
147	33.3	15.5	0.323096576
147	9.1	15.5	0.323096576
147	10.0	15.5	0.323055616
147	9.1	15.5	0.323055616
148	18.2	15.5	0.323055616
148	10.0	15.5	0.323055616
149	10.0	15.5	0.323055616
149	10.0	15.5	0.323055616
149	9.1	15.5	0.323055616
149	18.2	15.5	0.323055616
150	10.0	15.5	0.323182592
150	18.2	15.5	0.3231744
150	10.0	15.5	0.3231744
151	9.1	15.5	0.3231744
151	11.1	15.5	0.323067904
151	9.1	15.5	0.323047424
151	10.0	15.5	0.323047424
152	11.1	15.5	0.323047424
152	9.1	15.5	0.323047424
152	9.1	15.5	0.323047424
153	10.0	15.5	0.323047424
153	20.0	15.5	0.323047424
153	9.1	15.5	0.323047424
154	9.1	15.5	0.323047424
154	9.1	15.5	0.3231744
155	10.0	15.5	0.3231744
155	10.0	15.6	0.323301376
155	10.0	15.6	0.323301376
155	9.1	15.6	0.323301376
156	9.1	15.6	0.323428352
156	11.1	15.5	0.323067904
156	10.0	15.5	0.323047424
156	10.0	15.5	0.323047424
156	9.1	15.5	0.323047424
157	10.0	15.5	0.323047424
157	10.0	15.5	0.323047424
157	9.1	15.5	0.323047424
157	9.1	15.5	0.323047424
157	9.1	15.5	0.323047424
158	10.0	15.5	0.323047424
158	9.1	15.5	0.323047424
159	18.2	15.5	0.323047424
159	10.0	15.6	0.323301376
159	10.0	15.6	0.323301376
159	16.7	15.6	0.323301376
159	10.0	15.6	0.323301376
160	10.0	15.5	0.323076096
160	11.1	15.5	0.323076096
160	9.1	15.5	0.323047424
160	10.0	15.5	0.323047424
160	9.1	15.5	0.323047424
161	10.0	15.5	0.323047424
161	10.0	15.5	0.323047424
161	10.0	15.5	0.323047424
161	10.0	15.5	0.323047424
162	10.0	15.5	0.323047424
162	11.1	15.5	0.323096576
162	10.0	15.5	0.32313344
162	9.1	15.5	0.32313344
163	9.1	15.5	0.323260416
163	18.2	15.5	0.323260416
163	9.1	15.5	0.323260416
163	9.1	15.5	0.323260416
164	11.1	15.5	0.323084288
164	10.0	15.5	0.323047424
165	18.2	15.5	0.323047424
165	10.0	15.5	0.323047424
165	10.0	15.5	0.323047424
165	10.0	15.5	0.323047424
166	27.3	15.5	0.323047424
166	9.1	15.5	0.323047424
166	18.2	15.5	0.323047424
167	18.2	15.6	0.323301376
167	10.0	15.6	0.323301376
167	9.1	15.6	0.323301376
167	25.0	15.6	0.323301376
167	10.0	15.6	0.323301376
168	10.0	15.5	0.323076096
168	22.2	15.5	0.323076096
168	18.2	15.5	0.323076096
168	18.2	15.5	0.323047424
168	10.0	15.5	0.323047424
168	10.0	15.5	0.323047424
169	11.1	15.5	0.323047424
169	9.1	15.5	0.323047424
170	11.1	15.5	0.3231744
170	10.0	15.5	0.3231744
170	9.1	15.5	0.3231744
171	10.0	15.5	0.323047424
171	18.2	15.5	0.323047424
172	11.1	15.5	0.323047424
172	10.0	15.5	0.323047424
172	10.0	15.5	0.323047424
172	10.0	15.5	0.323047424
172	9.1	15.5	0.323047424
173	20.0	15.5	0.323047424
174	10.0	15.5	0.3231744
174	10.0	15.6	0.323301376
174	10.0	15.6	0.323301376
174	10.0	15.6	0.323301376
174	9.1	15.6	0.323301376
174	10.0	15.6	0.323301376
175	10.0	15.5	0.3231744
175	10.0	15.5	0.3231744
175	9.1	15.6	0.323301376
176	10.0	15.6	0.323301376
176	30.0	15.5	0.32280576
176	9.1	15.5	0.32280576
176	10.0	15.5	0.322793472
176	11.1	15.5	0.322793472
177	10.0	15.5	0.322793472
177	10.0	15.5	0.322793472
177	9.1	15.5	0.322793472
178	11.1	15.5	0.322793472
178	10.0	15.5	0.322793472
178	10.0	15.5	0.322793472
178	10.0	15.5	0.322793472
179	11.1	15.5	0.32270336
179	10.0	15.5	0.322666496
179	9.1	15.5	0.322666496
180	20.0	15.5	0.322666496
180	10.0	15.5	0.322666496
181	18.2	15.5	0.322666496
181	10.0	15.5	0.322666496
181	10.0	15.5	0.322666496
182	10.0	15.5	0.32278528
182	9.1	15.5	0.32278528
183	10.0	15.5	0.322678784
184	25.0	15.5	0.322658304
184	20.0	15.5	0.322658304
184	10.0	15.5	0.322658304
184	10.0	15.5	0.322658304
185	18.2	15.5	0.322658304
185	10.0	15.5	0.322658304
185	9.1	15.5	0.322658304
185	10.0	15.5	0.322658304
186	10.0	15.5	0.32278528
186	10.0	15.5	0.322686976
186	10.0	15.5	0.322658304
187	18.2	15.5	0.322658304
187	10.0	15.5	0.322658304
187	9.1	15.5	0.322658304
188	18.2	15.5	0.322658304
188	10.0	15.5	0.322658304
188	18.2	15.5	0.322658304
189	9.1	15.5	0.32278528
190	10.0	15.5	0.322912256
190	10.0	15.5	0.32278528
190	9.1	15.5	0.32278528
190	10.0	15.5	0.32278528
191	11.1	15.5	0.32278528
191	9.1	15.5	0.32278528
191	10.0	15.5	0.32278528
192	11.1	15.5	0.32278528
192	9.1	15.5	0.32278528
192	9.1	15.5	0.32278528
193	11.1	15.5	0.32278528
193	10.0	15.5	0.32278528
193	10.0	15.5	0.32278528
193	10.0	15.5	0.32278528
194	9.1	15.5	0.32278528
194	27.3	15.5	0.322822144
194	9.1	15.5	0.322822144
194	9.1	15.5	0.32278528
195	18.2	15.5	0.32278528
195	9.1	15.5	0.32278528
195	10.0	15.5	0.32278528
195	9.1	15.5	0.32278528
196	10.0	15.5	0.32278528
196	11.1	15.5	0.32278528
196	10.0	15.5	0.32278528
196	16.7	15.5	0.32278528
197	16.7	15.5	0.32278528
197	27.3	15.5	0.322912256
197	10.0	15.5	0.322912256
197	10.0	15.5	0.322912256
198	9.1	15.5	0.322912256
198	10.0	15.5	0.322813952
198	10.0	15.5	0.322813952
198	18.2	15.5	0.32278528
199	10.0	15.5	0.32278528
199	9.1	15.5	0.32278528
199	9.1	15.5	0.32278528
199	10.0	15.5	0.32278528
200	9.1	15.5	0.32278528
201	10.0	15.5	0.32278528
201	10.0	15.5	0.322912256
201	9.1	15.5	0.322912256
202	10.0	15.5	0.322813952
202	18.2	15.5	0.322813952
202	10.0	15.5	0.32278528
203	11.1	15.5	0.32278528
203	18.2	15.5	0.32278528
203	10.0	15.5	0.32278528
203	9.1	15.5	0.32278528
204	10.0	15.5	0.32278528
204	18.2	15.5	0.32278528
204	10.0	15.5	0.32278528
204	10.0	15.5	0.32278528
204	9.1	15.5	0.32278528
205	18.2	15.5	0.322912256
205	9.1	15.5	0.322912256
205	9.1	15.5	0.322912256
206	10.0	15.5	0.322813952
206	18.2	15.5	0.322813952
207	10.0	15.5	0.323166208
207	10.0	15.5	0.323166208
207	9.1	15.5	0.323166208
207	9.1	15.5	0.323166208
207	10.0	15.6	0.323293184
208	20.0	15.6	0.323293184
208	9.1	15.6	0.323293184
208	9.1	15.6	0.323293184
208	10.0	15.6	0.323293184
209	20.0	15.6	0.323293184
209	20.0	15.6	0.323547136
209	10.0	15.6	0.323547136
209	9.1	15.6	0.323547136
209	10.0	15.6	0.323547136
210	18.2	15.5	0.322285568
210	10.0	15.5	0.322277376
210	9.1	15.5	0.322277376
211	9.1	15.5	0.322277376
211	22.2	15.5	0.322277376
211	18.2	15.5	0.322277376
211	10.0	15.5	0.322277376
211	10.0	15.5	0.322277376
212	10.0	15.5	0.322277376
212	18.2	15.5	0.322277376
212	10.0	15.5	0.322269184
213	18.2	15.5	0.32239616
213	27.3	15.5	0.322523136
213	10.0	15.5	0.322523136
214	10.0	15.5	0.322650112
214	10.0	15.5	0.322650112
215	10.0	15.5	0.322281472
215	10.0	15.5	0.322281472
215	9.1	15.5	0.322269184
215	10.0	15.5	0.322269184
216	10.0	15.5	0.322269184
216	10.0	15.5	0.322269184
216	10.0	15.5	0.322269184
217	11.1	15.5	0.322269184
217	18.2	15.5	0.32239616
217	18.2	15.5	0.32239616
217	9.1	15.5	0.32239616
217	9.1	15.5	0.32239616
218	18.2	15.5	0.322523136
218	18.2	15.5	0.322523136
219	10.0	15.5	0.32241664
219	10.0	15.5	0.32239616
220	9.1	15.5	0.32239616
220	20.0	15.5	0.32239616
220	9.1	15.5	0.32239616
220	10.0	15.5	0.32239616
220	9.1	15.5	0.32239616
221	18.2	15.5	0.32239616
221	10.0	15.5	0.32239616
221	10.0	15.5	0.32239616
221	9.1	15.5	0.32239616
221	9.1	15.5	0.32239616
222	10.0	15.5	0.32239616
222	10.0	15.5	0.32239616
222	9.1	15.5	0.32239616
222	10.0	15.5	0.32239616
223	33.3	15.5	0.322650112
223	9.1	15.5	0.322650112
224	11.1	15.5	0.32241664
224	9.1	15.5	0.32241664
224	18.2	15.5	0.32239616
225	11.1	15.5	0.32239616
225	9.1	15.5	0.32239616
225	16.7	15.5	0.32239616
225	18.2	15.5	0.32239616
226	10.0	15.5	0.32239616
226	10.0	15.5	0.32239616
226	10.0	15.5	0.32239616
226	9.1	15.5	0.32239616
227	9.1	15.5	0.322523136
227	10.0	15.5	0.322523136
228	10.0	15.5	0.322523136
228	10.0	15.5	0.322650112
228	9.1	15.5	0.322650112
228	10.0	15.5	0.322650112
229	18.2	15.5	0.322777088
229	10.0	15.5	0.32241664
229	9.1	15.5	0.32239616
230	18.2	15.5	0.32239616
230	10.0	15.5	0.32239616
231	10.0	15.5	0.32239616
231	18.2	15.5	0.322523136
231	10.0	15.5	0.322523136
231	9.1	15.5	0.322523136
231	10.0	15.5	0.322523136
232	9.1	15.5	0.322650112
233	18.2	15.5	0.322777088
233	18.2	15.5	0.322543616
233	9.1	15.5	0.322523136
234	11.1	15.5	0.322523136
234	9.1	15.5	0.322523136
234	10.0	15.5	0.322523136
234	9.1	15.5	0.322523136
234	9.1	15.5	0.322523136
235	10.0	15.5	0.322523136
235	9.1	15.5	0.322523136
236	10.0	15.5	0.322650112
236	10.0	15.5	0.322650112
236	9.1	15.5	0.322650112
237	27.3	15.5	0.322686976
237	10.0	15.5	0.322650112
238	11.1	15.5	0.322650112
238	10.0	15.5	0.322650112
238	9.1	15.5	0.322650112
239	18.2	15.5	0.322650112
239	10.0	15.5	0.322650112
240	18.2	15.5	0.322777088
240	10.0	15.5	0.322777088
240	10.0	15.5	0.322777088
241	18.2	15.5	0.3226624
241	10.0	15.5	0.322650112
242	18.2	15.5	0.322650112
242	10.0	15.5	0.322650112
242	10.0	15.5	0.322650112
242	10.0	15.5	0.322650112
243	10.0	15.5	0.322650112
243	18.2	15.5	0.322650112
243	10.0	15.5	0.322650112
244	10.0	15.5	0.322650112
244	9.1	15.5	0.322777088
244	9.1	15.5	0.322777088
244	9.1	15.5	0.322777088
245	11.1	15.5	0.322777088
245	18.2	15.5	0.322678784
245	18.2	15.5	0.322650112
245	10.0	15.5	0.322650112
246	9.1	15.5	0.32264192
246	10.0	15.5	0.32264192
246	18.2	15.5	0.32264192
247	18.2	15.5	0.32264192
247	10.0	15.5	0.32264192
247	9.1	15.5	0.32264192
248	18.2	15.5	0.32264192
248	11.1	15.5	0.322768896
248	10.0	15.5	0.322768896
248	10.0	15.5	0.322768896
249	10.0	15.5	0.322768896
249	18.2	15.5	0.322670592
249	9.1	15.5	0.32264192
249	10.0	15.5	0.32264192
250	18.2	15.5	0.32264192
250	10.0	15.5	0.322666496
250	20.0	15.5	0.322715648
250	9.1	15.5	0.322719744
251	9.1	15.5	0.322719744
251	11.1	15.5	0.322732032
251	10.0	15.5	0.322732032
251	9.1	15.5	0.322732032
252	10.0	15.5	0.322732032
252	9.1	15.5	0.322859008
252	9.1	15.5	0.322859008
253	11.1	15.5	0.32268288
253	9.1	15.5	0.32264192
253	10.0	15.5	0.32264192
254	10.0	15.5	0.32264192
254	10.0	15.5	0.32264192
254	10.0	15.5	0.32264192
255	18.2	15.5	0.32264192
256	16.7	15.5	0.32264192
256	9.1	15.5	0.322768896
256	9.1	15.5	0.322768896
257	10.0	15.5	0.322670592
257	10.0	15.5	0.32264192
257	16.7	15.5	0.32264192
258	10.0	15.5	0.32264192
258	10.0	15.5	0.32264192
258	10.0	15.5	0.32264192
259	10.0	15.5	0.32264192
259	10.0	15.5	0.32264192
259	16.7	15.5	0.32264192
260	11.1	15.5	0.322895872
260	10.0	15.5	0.322895872
261	18.2	15.5	0.322895872
261	10.0	15.5	0.32280576
261	18.2	15.5	0.32280576
261	9.1	15.5	0.322768896
261	10.0	15.5	0.322895872
261	9.1	15.5	0.322895872
262	10.0	15.5	0.322895872
262	10.0	15.5	0.322895872
263	10.0	15.5	0.322895872
263	18.2	15.5	0.322895872
263	10.0	15.5	0.322895872
264	9.1	15.5	0.322895872
264	11.1	15.5	0.322895872
264	10.0	15.5	0.323022848
264	10.0	15.5	0.323022848
264	10.0	15.5	0.323022848
265	10.0	15.5	0.322797568
265	9.1	15.5	0.322768896
265	10.0	15.5	0.322768896
266	10.0	15.5	0.322768896
266	18.2	15.5	0.323149824
267	10.0	15.5	0.323149824
267	9.1	15.5	0.323149824
268	10.0	15.5	0.323149824
268	10.0	15.5	0.323149824
269	9.1	15.5	0.323149824
269	11.1	15.5	0.322789376
269	9.1	15.5	0.322768896
270	10.0	15.5	0.322768896
270	10.0	15.5	0.322768896
270	9.1	15.5	0.322768896
270	10.0	15.5	0.322768896
271	10.0	15.5	0.322768896
271	10.0	15.5	0.322768896
271	10.0	15.5	0.322768896
271	9.1	15.5	0.322768896
272	10.0	15.5	0.322768896
272	9.1	15.5	0.323022848
272	9.1	15.5	0.323022848
273	23.1	15.5	0.322789376
273	9.1	15.5	0.322768896
273	18.2	15.5	0.322768896
274	9.1	15.5	0.322768896
274	10.0	15.5	0.322768896
274	18.2	15.5	0.322768896
274	18.2	15.5	0.322768896
274	9.1	15.5	0.322768896
274	9.1	15.5	0.322768896
275	10.0	15.5	0.322768896
275	10.0	15.5	0.322768896
275	18.2	15.5	0.322768896
275	10.0	15.5	0.322768896
276	10.0	15.5	0.322768896
276	18.2	15.5	0.322895872
277	18.2	15.5	0.322895872
277	10.0	15.5	0.322797568
277	9.1	15.5	0.322768896
277	10.0	15.5	0.322768896
278	9.1	15.5	0.322768896
278	11.1	15.5	0.322768896
278	10.0	15.5	0.322768896
278	9.1	15.5	0.322768896
278	9.1	15.5	0.322768896
279	10.0	15.5	0.322768896
279	18.2	15.5	0.322760704
280	10.0	15.5	0.32288768
280	10.0	15.5	0.323014656
280	10.0	15.5	0.323014656
280	10.0	15.5	0.323014656
281	18.2	15.5	0.322789376
281	10.0	15.5	0.322789376
281	18.2	15.5	0.322760704
282	10.0	15.5	0.322760704
282	9.1	15.5	0.322760704
282	10.0	15.5	0.322760704
282	9.1	15.5	0.322760704
283	11.1	15.5	0.322760704
283	10.0	15.5	0.322760704
283	10.0	15.5	0.322760704
284	11.1	15.5	0.323014656
284	10.0	15.5	0.323014656
285	10.0	15.5	0.323014656
285	10.0	15.5	0.322924544
285	9.1	15.5	0.32288768
285	10.0	15.5	0.32288768
285	9.1	15.5	0.32288768
286	10.0	15.5	0.32288768
286	9.1	15.5	0.32288768
286	10.0	15.5	0.32288768
287	11.1	15.5	0.322916352
287	9.1	15.5	0.32288768
288	16.7	15.5	0.32288768
288	20.0	15.5	0.32288768
288	9.1	15.5	0.32288768
288	18.2	15.5	0.32288768
288	10.0	15.5	0.32288768
289	9.1	15.5	0.322506752
290	10.0	15.5	0.322506752
290	9.1	15.5	0.322506752
291	11.1	15.5	0.32258048
291	10.0	15.5	0.322605056
291	9.1	15.5	0.322605056
291	9.1	15.5	0.322605056
291	11.1	15.5	0.322605056
292	22.2	15.5	0.322732032
292	10.0	15.5	0.322732032
292	27.3	15.5	0.322732032
292	10.0	15.5	0.322859008
292	9.1	15.5	0.322859008
292	10.0	15.5	0.322859008
293	20.0	15.5	0.322748416
293	10.0	15.5	0.322719744
293	10.0	15.5	0.322719744
294	10.0	15.5	0.322719744
295	10.0	15.5	0.322719744
295	10.0	15.5	0.322719744
295	10.0	15.5	0.322719744
295	9.1	15.5	0.322719744
296	10.0	15.5	0.322719744
296	10.0	15.5	0.32284672
296	9.1	15.5	0.32284672
296	10.0	15.5	0.32284672
297	11.1	15.5	0.322748416
297	10.0	15.5	0.322719744
297	9.1	15.5	0.322719744
297	10.0	15.5	0.322719744
298	10.0	15.5	0.322719744
298	9.1	15.5	0.322719744
299	10.0	15.5	0.322719744
299	9.1	15.5	0.322719744
299	9.1	15.5	0.322719744
299	10.0	15.5	0.322719744
300	9.1	15.5	0.322719744
1	7.5	14.5	0.301142016
2	9.4	14.5	0.301142016
3	5.3	14.5	0.301142016
4	4.3	14.5	0.301395968
5	7.4	14.5	0.301268992
6	5.3	14.5	0.301268992
7	4.3	14.5	0.301268992
8	3.2	14.5	0.30154752
9	4.1	14.5	0.301293568
10	5.1	14.5	0.301268992
11	5.1	14.5	0.301268992
12	3.2	14.5	0.301395968
13	6.2	14.5	0.301682688
14	3.2	14.5	0.30130176
15	8.2	14.5	0.301543424
16	2.1	14.5	0.301539328
17	5.1	14.5	0.30150656
18	6.0	14.5	0.301252608
19	7.1	14.5	0.301252608
20	5.1	14.5	0.301285376
21	3.1	14.5	0.301314048
22	4.1	14.5	0.301285376
23	7.4	14.5	0.301412352
24	6.1	14.5	0.301412352
25	6.0	14.5	0.301666304
26	3.2	14.5	0.301252608
27	4.1	14.5	0.301252608
28	4.2	14.5	0.301412352
29	6.2	14.5	0.301441024
30	4.2	14.5	0.30140416
31	3.1	14.5	0.30140416
32	8.2	14.5	0.30140416
33	3.1	14.5	0.301432832
34	9.7	14.5	0.30140416
35	5.4	14.5	0.301371392
36	7.3	14.5	0.301371392
37	5.2	14.5	0.301400064
38	5.3	14.5	0.301371392
39	3.1	14.5	0.301371392
40	5.1	14.5	0.301498368
41	5.2	14.5	0.301400064
42	4.2	14.5	0.301371392
43	5.2	14.5	0.30140416
44	5.4	14.5	0.301658112
45	5.3	14.5	0.301559808
46	3.2	14.5	0.301531136
47	6.2	14.5	0.301531136
48	5.1	14.5	0.301568
49	3.1	14.5	0.301617152
50	5.1	14.5	0.301617152
51	6.0	14.5	0.30164992
52	10.3	14.5	0.301600768
53	5.2	14.5	0.301563904
54	7.1	14.5	0.301563904
55	2.1	14.5	0.30169088
56	6.1	14.5	0.301584384
57	7.4	14.5	0.301563904
58	10.8	14.5	0.301596672
59	5.2	14.5	0.301596672
60	6.3	14.5	0.30171136
61	5.3	14.5	0.301748224
62	3.3	14.5	0.30171136
63	7.4	14.5	0.30171136
64	7.4	14.5	0.30171136
65	5.4	14.5	0.30171136
66	7.5	14.5	0.301838336
67	4.5	14.5	0.301740032
68	8.3	14.5	0.30171136
69	5.5	14.5	0.30171136
70	7.4	14.5	0.301645824
71	7.4	14.5	0.301899776
72	9.4	14.5	0.301801472
73	7.3	14.5	0.301805568
74	8.2	14.5	0.301805568
75	4.2	14.5	0.302313472
76	7.1	14.5	0.301817856
77	5.1	14.5	0.301805568
78	2.2	14.5	0.301805568
79	4.2	14.5	0.301965312
80	5.1	14.5	0.301867008
81	1.1	14.5	0.301838336
82	3.1	14.5	0.301838336
83	3.2	14.5	0.301867008
84	4.2	14.5	0.301768704
85	2.1	14.5	0.301740032
86	5.1	14.5	0.301740032
87	6.2	14.5	0.302026752
88	7.1	14.5	0.301928448
89	7.0	14.5	0.301899776
90	5.3	14.5	0.301899776
91	7.3	14.5	0.302026752
92	7.2	14.5	0.301928448
93	6.1	14.5	0.301985792
94	6.1	14.5	0.301989888
95	9.4	14.5	0.302022656
96	2.1	14.5	0.301961216
97	6.4	14.5	0.301428736
98	6.3	14.5	0.301416448
99	6.2	14.5	0.301416448
100	4.2	14.5	0.301318144
101	4.3	14.5	0.301289472
102	4.3	14.5	0.30132224
103	5.2	14.5	0.301449216
104	7.1	14.5	0.301350912
105	5.2	14.5	0.30132224
106	6.2	14.5	0.30132224
107	6.1	14.5	0.301449216
108	4.1	14.5	0.301350912
109	4.1	14.5	0.301355008
110	8.2	14.5	0.301355008
111	6.2	14.5	0.301481984
112	7.3	14.5	0.301510656
113	8.1	14.5	0.301481984
114	6.4	14.5	0.301764608
115	4.0	14.5	0.301735936
116	4.2	14.5	0.301735936
117	4.1	14.5	0.301735936
118	3.1	14.5	0.301862912
119	2.2	14.5	0.301899776
120	4.2	14.5	0.301862912
121	4.3	14.5	0.301989888
122	7.3	14.5	0.302116864
123	4.4	14.5	0.3018752
124	6.1	14.5	0.301862912
125	3.2	14.5	0.301862912
126	7.2	14.5	0.30185472
127	6.1	14.5	0.302010368
128	8.2	14.5	0.301981696
129	4.3	14.5	0.301981696
130	6.2	14.5	0.301981696
131	4.2	14.5	0.301981696
132	6.1	14.5	0.302108672
133	2.1	14.5	0.302010368
134	5.2	14.5	0.301981696
135	6.1	14.6	0.302514176
136	6.3	14.6	0.302505984
137	5.3	14.6	0.302505984
138	2.2	14.6	0.302505984
139	5.3	14.5	0.302252032
140	5.4	14.5	0.302252032
141	4.2	14.5	0.302252032
142	3.2	14.5	0.302379008
143	3.2	14.5	0.30240768
144	6.1	14.5	0.302379008
145	3.1	14.5	0.302379008
146	2.2	14.5	0.302379008
147	5.1	14.5	0.302374912
148	3.1	14.5	0.30234624
149	4.3	14.5	0.30234624
150	2.1	14.5	0.30234624
151	6.3	14.6	0.302501888
152	6.1	14.6	0.30251008
153	4.2	14.5	0.30246912
154	4.2	14.5	0.30246912
155	6.1	14.6	0.302723072
156	6.3	14.5	0.302436352
157	7.1	14.5	0.302436352
158	5.2	14.5	0.302436352
159	5.2	14.6	0.302555136
160	4.2	14.5	0.302456832
161	3.1	14.5	0.30242816
162	4.2	14.6	0.302620672
163	6.1	14.6	0.302874624
164	8.0	14.6	0.302911488
165	4.1	14.6	0.302874624
166	4.2	14.6	0.302874624
167	5.1	14.6	0.302874624
168	5.1	14.6	0.302968832
169	8.0	14.6	0.302854144
170	4.2	14.6	0.302841856
171	6.3	14.6	0.302841856
172	4.2	14.6	0.303095808
173	6.1	14.6	0.302989312
174	5.2	14.6	0.302968832
175	5.1	14.6	0.302968832
176	5.2	14.6	0.303378432
177	6.2	14.6	0.302854144
178	2.1	14.6	0.302841856
179	9.0	14.6	0.302907392
180	3.1	14.6	0.302907392
181	4.1	14.6	0.303034368
182	8.2	14.6	0.302972928
183	4.3	14.6	0.3030016
184	6.2	14.6	0.303128576
185	7.3	14.6	0.302989312
186	6.6	14.6	0.302968832
187	8.1	14.6	0.302968832
188	4.1	14.6	0.302956544
189	7.4	14.6	0.303034368
190	5.1	14.6	0.303153152
191	2.1	14.6	0.303153152
192	5.1	14.6	0.303407104
193	6.1	14.6	0.303153152
194	3.1	14.6	0.303280128
195	3.2	14.6	0.303136768
196	5.3	14.6	0.303136768
197	6.1	14.6	0.303263744
198	1.1	14.6	0.303263744
199	3.1	14.6	0.30339072
200	2.1	14.6	0.303644672
201	6.1	14.6	0.303263744
202	3.1	14.6	0.303230976
203	4.1	14.6	0.303484928
204	3.1	14.6	0.303230976
205	3.2	14.6	0.303198208
206	4.1	14.6	0.303325184
207	4.1	14.6	0.303325184
208	5.2	14.6	0.303259648
209	5.1	14.6	0.303259648
210	5.1	14.6	0.303259648
211	7.1	14.6	0.303546368
212	4.1	14.6	0.303579136
213	2.1	14.6	0.303579136
214	6.1	14.6	0.303833088
215	7.0	14.6	0.303579136
216	5.1	14.6	0.303833088
217	6.1	14.6	0.304214016
218	7.1	14.6	0.303927296
219	1.1	14.6	0.303960064
220	4.2	14.6	0.304078848
221	4.1	14.6	0.304205824
222	3.2	14.6	0.30404608
223	2.1	14.6	0.30404608
224	4.2	14.6	0.304173056
225	3.1	14.6	0.30404608
226	6.1	14.6	0.30404608
227	4.1	14.6	0.304078848
228	4.2	14.6	0.304078848
229	5.2	14.6	0.304078848
230	5.1	14.6	0.304078848
231	3.2	14.6	0.30404608
232	6.1	14.6	0.304173056
233	3.1	14.6	0.304173056
234	5.1	14.6	0.304205824
235	3.1	14.6	0.304205824
236	5.1	14.6	0.304205824
237	2.1	14.6	0.3043328
238	7.2	14.6	0.304205824
239	6.9	14.6	0.304205824
240	3.2	14.6	0.304205824
241	5.1	14.6	0.304205824
242	6.1	14.6	0.3043328
243	4.3	14.6	0.3043328
244	3.1	14.6	0.3043328
245	6.1	14.6	0.3043328
246	3.2	14.6	0.304459776
247	4.2	14.6	0.304381952
248	3.2	14.6	0.30455808
249	5.1	14.7	0.304590848
250	4.2	14.7	0.304590848
251	5.3	14.6	0.3043328
252	5.2	14.6	0.3043328
253	6.2	14.6	0.3043328
254	3.2	14.6	0.304324608
255	6.3	14.7	0.304959488
256	6.1	14.6	0.304451584
257	5.2	14.6	0.304451584
258	5.2	14.6	0.304451584
259	3.2	14.6	0.304451584
260	5.2	14.6	0.30457856
261	6.1	14.6	0.304451584
262	4.1	14.6	0.304418816
263	2.1	14.6	0.304418816
264	7.1	14.7	0.304611328
265	4.2	14.7	0.304611328
266	2.1	14.7	0.304611328
267	3.2	14.7	0.304611328
268	5.2	14.7	0.304611328
269	4.2	14.7	0.304738304
270	4.1	14.7	0.304611328
271	5.1	14.7	0.304611328
272	6.2	14.7	0.304611328
273	4.2	14.6	0.30457856
274	3.2	14.7	0.304705536
275	7.0	14.7	0.304705536
276	6.6	14.7	0.304705536
277	4.3	14.6	0.304324608
278	4.2	14.6	0.304324608
279	3.3	14.6	0.30394368
280	6.3	14.6	0.304070656
281	5.2	14.6	0.304070656
282	5.3	14.6	0.304070656
283	4.3	14.6	0.304197632
284	7.1	14.6	0.304070656
285	6.2	14.6	0.304070656
286	2.2	14.6	0.304037888
287	5.2	14.6	0.304029696
288	6.2	14.6	0.304156672
289	4.2	14.6	0.304095232
290	3.1	14.6	0.304222208
291	3.2	14.6	0.304443392
292	5.1	14.6	0.304443392
293	4.1	14.6	0.304410624
294	2.1	14.6	0.304410624
295	4.1	14.6	0.304410624
296	3.1	14.6	0.304443392
297	5.1	14.6	0.304443392
298	4.1	14.6	0.304443392
299	2.1	14.6	0.3045376
300	2.1	14.6	0.3045376
1	7.5	14.4	0.299921408
2	6.4	14.4	0.30017536
3	7.4	14.4	0.300302336
4	8.3	14.5	0.300556288
5	6.4	14.4	0.300179456
6	5.3	14.4	0.30017536
7	6.4	14.4	0.30017536
8	5.3	14.4	0.300302336
9	6.4	14.4	0.300187648
10	4.3	14.4	0.300199936
11	5.6	14.4	0.300273664
12	7.3	14.4	0.300273664
13	4.2	14.4	0.30040064
14	2.1	14.4	0.3002368
15	5.2	14.4	0.300208128
16	5.2	14.4	0.300335104
17	4.3	14.5	0.300556288
18	7.1	14.4	0.30017536
19	5.2	14.4	0.30017536
20	2.1	14.4	0.300302336
21	5.3	14.5	0.300589056
22	5.3	14.4	0.30017536
23	6.1	14.4	0.300302336
24	6.4	14.5	0.300429312
25	5.3	14.4	0.30017536
26	3.2	14.4	0.30017536
27	4.1	14.4	0.300302336
28	7.1	14.5	0.300589056
29	5.2	14.4	0.300322816
30	5.3	14.4	0.300322816
31	8.3	14.4	0.300322816
32	7.3	14.5	0.300449792
33	4.3	14.4	0.300322816
34	5.2	14.4	0.300322816
35	2.2	14.4	0.300322816
36	5.2	14.4	0.300355584
37	6.2	14.4	0.300355584
38	6.1	14.4	0.300322816
39	7.1	14.5	0.300449792
40	4.2	14.4	0.300322816
41	7.1	14.4	0.300290048
42	5.1	14.4	0.300290048
43	6.1	14.4	0.30031872
44	5.1	14.4	0.300290048
45	5.2	14.4	0.300290048
46	8.1	14.4	0.300417024
47	6.1	14.4	0.300290048
48	4.2	14.4	0.300322816
49	4.3	14.4	0.300322816
50	6.1	14.5	0.300449792
51	4.3	14.4	0.300322816
52	8.0	14.4	0.300322816
53	9.5	14.5	0.300449792
54	6.2	14.5	0.300703744
55	5.3	14.4	0.30040064
56	5.2	14.5	0.300433408
57	4.2	14.5	0.30068736
58	4.1	14.5	0.300814336
59	3.2	14.5	0.301068288
60	8.0	14.5	0.301576192
61	3.2	14.5	0.300752896
62	5.2	14.5	0.300752896
63	8.2	14.5	0.30091264
64	4.2	14.5	0.301133824
65	5.1	14.5	0.300879872
66	3.2	14.5	0.300879872
67	4.1	14.5	0.300879872
68	4.1	14.5	0.301006848
69	4.2	14.5	0.301133824
70	6.6	14.5	0.300879872
71	5.3	14.5	0.30091264
72	4.1	14.5	0.30091264
73	5.2	14.5	0.301166592
74	6.3	14.5	0.30091264
75	4.1	14.5	0.300879872
76	5.3	14.5	0.300879872
77	5.2	14.5	0.301006848
78	2.1	14.5	0.30103552
79	2.2	14.5	0.301006848
80	6.1	14.5	0.301006848
81	6.2	14.5	0.301006848
82	6.1	14.5	0.30103552
83	7.2	14.5	0.301006848
84	3.2	14.5	0.301006848
85	3.2	14.5	0.301166592
86	3.2	14.5	0.301166592
87	3.2	14.5	0.301293568
88	6.1	14.5	0.301293568
89	4.2	14.5	0.301293568
90	5.3	14.5	0.301187072
91	5.2	14.5	0.301166592
92	5.2	14.5	0.301166592
93	4.2	14.5	0.301166592
94	1.1	14.5	0.301285376
95	6.2	14.5	0.301187072
96	3.2	14.5	0.30121984
97	7.2	14.5	0.300965888
98	3.2	14.5	0.300965888
99	5.2	14.5	0.300621824
100	5.2	14.5	0.300654592
101	5.2	14.5	0.30068736
102	5.1	14.5	0.300814336
103	7.1	14.5	0.300716032
104	5.2	14.5	0.30081024
105	3.2	14.5	0.300683264
106	5.1	14.5	0.300683264
107	4.1	14.5	0.300683264
108	6.1	14.5	0.30081024
109	5.2	14.5	0.300716032
110	4.2	14.5	0.301350912
111	4.2	14.5	0.301350912
112	6.1	14.5	0.301350912
113	3.2	14.5	0.301604864
114	5.2	14.5	0.30173184
115	3.1	14.5	0.301350912
116	7.1	14.5	0.301350912
117	5.2	14.5	0.301477888
118	4.1	14.5	0.301604864
119	4.1	14.5	0.301498368
120	3.2	14.5	0.301477888
121	4.2	14.5	0.301604864
122	5.1	14.5	0.30173184
123	3.1	14.5	0.301858816
124	6.1	14.5	0.301510656
125	4.2	14.5	0.301510656
126	4.2	14.5	0.301502464
127	6.3	14.5	0.301514752
128	3.2	14.5	0.301727744
129	4.3	14.5	0.30185472
130	5.1	14.5	0.30150656
131	4.3	14.5	0.301539328
132	5.1	14.5	0.301539328
133	5.2	14.5	0.301920256
134	5.2	14.5	0.30179328
135	5.2	14.5	0.301887488
136	3.2	14.5	0.302014464
137	8.2	14.5	0.302268416
138	7.1	14.5	0.302301184
139	4.2	14.5	0.302301184
140	6.3	14.5	0.302301184
141	2.1	14.5	0.302301184
142	5.2	14.5	0.302301184
143	5.2	14.5	0.302301184
144	2.2	14.5	0.302268416
145	4.3	14.5	0.302268416
146	7.2	14.5	0.301805568
147	10.0	14.5	0.30179328
148	7.2	14.5	0.30179328
149	5.2	14.5	0.302047232
150	5.2	14.5	0.301940736
151	3.1	14.5	0.301920256
152	5.3	14.5	0.302014464
153	4.2	14.5	0.302174208
154	5.2	14.5	0.302047232
155	3.2	14.5	0.302047232
156	4.3	14.5	0.30203904
157	4.3	14.5	0.302166016
158	4.2	14.5	0.302067712
159	7.1	14.5	0.30203904
160	6.3	14.5	0.302071808
161	8.1	14.5	0.302071808
162	4.3	14.5	0.30205952
163	4.2	14.5	0.30203904
164	3.2	14.5	0.30203904
165	8.1	14.5	0.30203904
167	5.2	14.5	0.302071808
168	5.1	14.5	0.302071808
169	5.2	14.5	0.302071808
170	3.2	14.5	0.302198784
171	3.1	14.5	0.302198784
172	4.2	14.5	0.302297088
173	5.2	14.5	0.302297088
174	4.3	14.5	0.30226432
175	5.2	14.5	0.30220288
176	6.5	14.5	0.3016704
177	7.0	14.5	0.301658112
178	3.2	14.5	0.30169088
179	4.2	14.5	0.301592576
180	5.2	14.5	0.301563904
181	5.2	14.5	0.301563904
182	6.1	14.5	0.301531136
183	11.1	14.5	0.301584384
184	3.1	14.5	0.30169088
185	6.2	14.5	0.30169088
186	5.2	14.5	0.301817856
187	7.1	14.5	0.301944832
188	4.2	14.5	0.301817856
189	6.2	14.5	0.301817856
190	4.1	14.5	0.301809664
191	9.5	14.6	0.302698496
192	6.1	14.6	0.30257152
193	5.1	14.6	0.30257152
194	5.1	14.6	0.30257152
195	3.2	14.6	0.302698496
196	5.2	14.6	0.30257152
197	6.2	14.6	0.30257152
198	7.0	14.6	0.30257152
199	5.1	14.6	0.302698496
200	4.2	14.6	0.302567424
201	7.9	14.6	0.302538752
202	8.0	14.6	0.302505984
203	2.1	14.6	0.30263296
204	3.2	14.6	0.302567424
205	6.1	14.6	0.302727168
206	4.1	14.6	0.302620672
207	4.1	14.6	0.302600192
208	6.1	14.6	0.302698496
209	5.2	14.6	0.302698496
210	4.1	14.6	0.3026944
211	5.2	14.6	0.302665728
212	5.2	14.6	0.302665728
213	4.1	14.6	0.302952448
214	2.1	14.6	0.303079424
215	7.1	14.6	0.302698496
216	3.2	14.6	0.302825472
217	4.1	14.6	0.302825472
218	3.2	14.6	0.303079424
219	4.1	14.6	0.302829568
220	4.2	14.6	0.30285824
221	6.5	14.6	0.30285824
222	5.3	14.6	0.30285824
223	4.4	14.6	0.302850048
224	5.2	14.6	0.302977024
225	7.2	14.6	0.303104
226	6.4	14.6	0.302850048
227	6.5	14.6	0.302882816
228	6.5	14.6	0.302882816
229	5.5	14.6	0.303136768
230	8.4	14.6	0.303009792
231	4.2	14.6	0.303009792
232	6.0	14.6	0.303009792
233	2.1	14.6	0.303136768
234	7.1	14.6	0.303263744
235	7.1	14.6	0.303169536
236	4.2	14.6	0.303169536
237	7.2	14.6	0.303169536
238	4.3	14.6	0.303169536
239	7.4	14.6	0.303169536
240	7.4	14.6	0.303771648
241	5.3	14.6	0.303157248
242	5.3	14.6	0.303169536
243	4.2	14.6	0.303169536
244	4.2	14.6	0.303296512
245	4.2	14.6	0.303423488
246	4.2	14.6	0.303296512
247	7.1	14.6	0.303296512
248	3.2	14.6	0.303296512
249	6.2	14.6	0.303460352
250	6.2	14.6	0.303669248
251	5.3	14.6	0.303345664
252	5.3	14.6	0.30332928
253	5.3	14.6	0.30332928
254	6.3	14.6	0.303296512
255	4.1	14.6	0.303415296
256	4.3	14.6	0.303476736
257	7.1	14.6	0.303448064
258	2.1	14.6	0.303448064
259	2.1	14.6	0.303448064
260	4.2	14.6	0.30357504
261	3.2	14.6	0.303448064
262	4.2	14.6	0.303448064
263	4.3	14.6	0.303448064
264	4.3	14.6	0.303480832
265	5.2	14.6	0.303501312
266	7.2	14.6	0.302850048
267	7.1	14.6	0.302813184
268	9.7	14.6	0.302813184
269	8.2	14.6	0.302813184
270	6.2	14.6	0.302841856
271	5.2	14.6	0.302845952
272	7.1	14.6	0.302845952
273	5.3	14.6	0.302845952
274	5.3	14.6	0.302972928
275	5.4	14.6	0.302874624
276	5.4	14.6	0.302845952
277	5.3	14.6	0.302813184
278	7.3	14.6	0.302972928
279	4.2	14.6	0.303099904
280	7.3	14.6	0.302972928
281	6.3	14.6	0.303099904
282	6.3	14.6	0.303099904
283	5.4	14.6	0.303353856
284	9.9	14.6	0.303120384
285	4.2	14.6	0.303099904
286	5.3	14.6	0.303132672
287	6.2	14.6	0.30312448
288	4.2	14.6	0.303251456
289	7.3	14.6	0.303378432
290	5.3	14.6	0.303280128
291	6.4	14.6	0.303378432
292	6.3	14.6	0.303632384
293	4.2	14.6	0.303792128
294	4.3	14.6	0.3038208
295	4.2	14.6	0.303792128
296	6.2	14.6	0.303792128
297	2.2	14.6	0.303792128
298	5.3	14.6	0.303886336
299	5.2	14.6	0.30375936
300	6.1	14.6	0.304013312
301	6.1	14.6	0.30404608
302	7.2	14.6	0.30404608
303	4.1	14.6	0.303947776
304	4.2	14.6	0.303919104
305	3.3	14.6	0.303919104
306	4.2	14.6	0.303919104
307	6.1	14.6	0.303915008
308	2.1	14.6	0.303919104
309	4.3	14.6	0.303919104
310	5.2	14.6	0.303919104
311	3.2	14.6	0.304173056
312	6.2	14.6	0.303919104
313	5.2	14.6	0.30404608
314	3.1	14.6	0.30404608
315	6.1	14.6	0.3043328
316	5.2	14.6	0.304013312
317	5.1	14.6	0.30400512
318	2.1	14.6	0.30400512
319	5.2	14.6	0.304132096
320	5.2	14.6	0.304033792
321	6.3	14.6	0.30400512
322	3.2	14.6	0.30400512
323	2.1	14.6	0.304164864
324	3.1	14.6	0.30406656
325	4.2	14.6	0.304037888
326	6.2	14.6	0.304037888
327	5.3	14.6	0.304164864
328	5.2	14.7	0.304799744
329	5.2	14.6	0.304164864
330	6.2	14.6	0.304197632
331	3.1	14.6	0.304197632
332	3.1	14.6	0.304324608
333	4.2	14.6	0.304197632
334	4.2	14.6	0.304156672
335	7.1	14.6	0.304156672
336	6.2	14.6	0.304283648
337	3.2	14.6	0.304185344
338	6.1	14.6	0.304156672
339	4.2	14.6	0.304205824
340	4.3	14.6	0.30425088
341	7.1	14.6	0.304259072
342	3.2	14.6	0.304254976
343	2.1	14.6	0.304254976
344	7.1	14.6	0.304254976
345	5.2	14.7	0.304635904
346	5.1	14.6	0.304254976
347	5.1	14.6	0.304254976
348	6.3	14.6	0.304254976
349	4.3	14.6	0.304381952
350	5.2	14.6	0.304349184
351	4.1	14.6	0.304349184
352	4.2	14.6	0.304340992
353	2.1	14.6	0.304340992
354	4.2	14.6	0.304340992
355	3.2	14.7	0.304750592
356	5.2	14.7	0.30472192
357	4.2	14.7	0.30472192
358	7.2	14.7	0.304848896
359	3.2	14.7	0.304877568
360	4.2	14.7	0.304848896
361	3.2	14.7	0.3049472
362	3.2	14.7	0.3049472
363	5.2	14.7	0.305201152
364	5.2	14.7	0.305074176
365	4.3	14.7	0.305074176
366	5.1	14.7	0.305074176
367	6.1	14.7	0.30507008
368	5.1	14.7	0.305098752
369	7.0	14.7	0.305037312
370	3.1	14.7	0.305037312
371	4.2	14.7	0.305037312
372	3.2	14.7	0.305033216
373	3.2	14.7	0.305004544
374	7.1	14.7	0.305004544
375	2.1	14.7	0.30513152
376	7.1	14.7	0.305258496
377	5.1	14.7	0.305168384
378	4.2	14.7	0.30513152
379	5.1	14.7	0.305258496
380	3.1	14.7	0.305258496
381	5.1	14.7	0.305385472
382	8.0	14.7	0.305115136
383	6.3	14.7	0.305225728
384	5.2	14.7	0.305221632
385	5.2	14.7	0.305217536
386	5.2	14.7	0.305344512
387	7.5	14.7	0.305188864
388	5.4	14.7	0.305168384
389	2.2	14.7	0.305168384
390	3.2	14.7	0.305168384
391	4.2	14.7	0.30529536
392	4.2	14.7	0.305291264
393	4.2	14.7	0.305262592
394	6.4	14.7	0.305262592
395	5.2	14.7	0.305262592
396	5.2	14.7	0.305291264
397	6.1	14.7	0.305262592
398	4.1	14.7	0.305393664
399	3.1	14.7	0.305393664
400	7.0	14.7	0.305647616
401	5.2	14.7	0.30552064
402	4.1	14.7	0.30552064
403	5.3	14.7	0.30552064
404	4.1	14.7	0.305487872
405	5.2	14.7	0.305614848
406	5.2	14.7	0.30550016
407	3.2	14.7	0.305614848
408	6.2	14.7	0.305614848
409	4.2	14.7	0.305741824
410	7.5	14.7	0.305627136
411	2.1	14.7	0.305577984
412	4.1	14.7	0.305577984
413	5.1	14.7	0.305577984
414	7.1	14.7	0.305598464
415	6.1	14.7	0.305569792
416	5.1	14.7	0.305537024
417	3.1	14.7	0.305659904
418	3.1	14.7	0.305631232
419	6.1	14.7	0.306106368
420	5.1	14.7	0.306171904
421	4.2	14.7	0.305881088
422	4.1	14.7	0.305881088
423	3.1	14.7	0.305815552
424	4.1	14.7	0.305790976
425	1.1	14.7	0.305790976
426	7.1	14.7	0.305917952
427	3.1	14.7	0.306044928
428	6.1	14.7	0.30593024
429	1.1	14.7	0.305917952
430	4.1	14.7	0.30595072
431	4.1	14.7	0.306171904
432	7.0	14.7	0.305885184
433	6.0	14.7	0.305885184
434	7.9	14.7	0.305885184
435	5.2	14.7	0.305885184
436	4.1	14.7	0.305754112
437	6.1	14.7	0.30613504
438	3.1	14.7	0.305901568
439	2.1	14.7	0.305881088
440	6.1	14.7	0.306040832
441	4.2	14.7	0.305913856
442	3.2	14.7	0.306040832
443	2.1	14.7	0.30642176
444	6.1	14.7	0.305926144
445	5.1	14.7	0.3060736
446	3.1	14.7	0.306200576
447	5.1	14.7	0.305958912
448	4.1	14.7	0.305938432
449	4.1	14.7	0.305938432
450	5.1	14.7	0.306065408
451	1.1	14.7	0.305934336
452	4.1	14.7	0.305938432
453	6.1	14.7	0.30580736
454	2.1	14.7	0.305934336
455	5.1	14.7	0.305954816
456	4.1	14.7	0.305934336
457	5.1	14.7	0.305934336
458	4.1	14.7	0.305934336
459	4.1	14.7	0.306061312
460	3.2	14.7	0.306274304
461	5.1	14.7	0.305963008
462	3.1	14.7	0.305967104
463	4.1	14.7	0.305967104
464	5.2	14.7	0.30609408
465	3.1	14.7	0.306348032
466	6.0	14.7	0.30611456
467	2.1	14.7	0.30609408
468	5.1	14.7	0.30609408
469	5.1	14.7	0.306126848
470	5.1	14.7	0.3063808
471	3.2	14.7	0.306147328
472	7.0	14.7	0.306126848
473	3.1	14.7	0.306126848
474	2.1	14.7	0.3063808
475	4.2	14.7	0.306507776
476	3.1	14.7	0.306163712
477	5.2	14.7	0.306159616
478	1.1	14.7	0.306159616
479	5.2	14.8	0.306794496
480	3.1	14.8	0.306794496
481	3.1	14.7	0.306290688
482	6.1	14.7	0.3062784
483	7.0	14.7	0.3062784
484	3.1	14.7	0.306311168
485	5.1	14.7	0.30633984
486	1.1	14.7	0.306311168
487	6.1	14.7	0.306311168
488	2.1	14.7	0.306311168
489	6.3	14.7	0.306311168
490	4.3	14.7	0.306438144
491	5.4	14.7	0.306499584
492	7.6	14.7	0.306470912
493	7.4	14.7	0.306470912
494	4.3	14.7	0.306470912
495	4.3	14.7	0.306470912
496	5.5	14.7	0.306597888
497	10.4	14.7	0.306499584
498	6.3	14.7	0.306470912
499	7.4	14.7	0.30650368
500	4.2	14.7	0.30650368
501	6.5	14.7	0.30650368
502	7.6	14.7	0.306630656
503	6.6	14.7	0.306532352
504	6.6	14.7	0.30650368
505	4.5	14.7	0.30650368
506	6.5	14.8	0.306663424
507	5.2	14.8	0.3067904
508	5.3	14.7	0.306548736
509	4.2	14.7	0.306634752
510	7.1	14.8	0.306761728
511	4.3	14.8	0.306761728
512	6.2	14.8	0.306761728
513	4.2	14.8	0.30691328
514	5.2	14.8	0.30670848
515	4.3	14.8	0.306688
516	5.2	14.7	0.306655232
517	7.1	14.7	0.306655232
518	5.2	14.8	0.306909184
519	5.1	14.8	0.306675712
520	2.2	14.7	0.306655232
521	3.2	14.8	0.306688
522	4.1	14.8	0.306688
523	3.2	14.8	0.306814976
524	6.2	14.8	0.307068928
525	4.1	14.8	0.30666752
526	6.2	14.7	0.306655232
527	5.1	14.7	0.306655232
528	5.2	14.8	0.306814976
529	6.3	14.8	0.307068928
530	4.2	14.8	0.306835456
531	4.1	14.8	0.306814976
532	6.0	14.8	0.306782208
533	8.7	14.8	0.30674944
534	6.2	14.8	0.30703616
535	5.1	14.8	0.306794496
536	1.1	14.8	0.306782208
537	5.1	14.8	0.306782208
538	6.3	14.8	0.30703616
539	7.5	14.8	0.306909184
540	4.1	14.8	0.306909184
541	1.1	14.8	0.306909184
542	5.1	14.8	0.306909184
543	3.2	14.8	0.307068928
544	4.1	14.8	0.306941952
545	5.1	14.8	0.30693376
546	2.1	14.8	0.30693376
547	5.2	14.8	0.307060736
548	3.2	14.8	0.30693376
549	3.1	14.8	0.30693376
550	4.2	14.8	0.30693376
551	5.1	14.8	0.307060736
552	3.2	14.8	0.306962432
553	4.1	14.8	0.30693376
554	3.2	14.8	0.30693376
555	3.1	14.8	0.307032064
556	3.1	14.8	0.307122176
557	3.2	14.8	0.307093504
558	5.1	14.8	0.307093504
559	5.2	14.8	0.307060736
560	4.2	14.8	0.307187712
561	7.0	14.8	0.307089408
562	4.1	14.8	0.307060736
563	4.2	14.8	0.307060736
564	6.0	14.8	0.30722048
565	4.1	14.8	0.306991104
566	4.1	14.8	0.306958336
567	3.1	14.8	0.306925568
568	6.1	14.8	0.306925568
569	5.1	14.8	0.30695424
570	8.0	14.8	0.306925568
571	4.1	14.8	0.307052544
573	6.5	14.8	0.307052544
574	7.1	14.8	0.30717952
575	4.2	14.8	0.306946048
576	5.1	14.8	0.306950144
577	6.1	14.8	0.306950144
578	4.1	14.8	0.30707712
579	4.1	14.8	0.307113984
580	6.1	14.8	0.30707712
581	7.9	14.8	0.30707712
582	5.2	14.8	0.30707712
583	5.2	14.8	0.307236864
584	6.2	14.8	0.30713856
585	6.1	14.8	0.307109888
586	6.1	14.8	0.307109888
587	3.1	14.8	0.307236864
588	7.0	14.8	0.307109888
589	3.2	14.8	0.307109888
590	5.1	14.8	0.307109888
591	5.1	14.8	0.307269632
592	4.1	14.8	0.307171328
593	5.1	14.8	0.307142656
594	1.1	14.8	0.307142656
595	6.5	14.8	0.307269632
596	7.2	14.8	0.307298304
597	4.1	14.8	0.307269632
598	7.1	14.8	0.3073024
599	5.1	14.8	0.3073024
600	7.0	14.8	0.307359744
601	5.2	14.8	0.30732288
602	5.2	14.8	0.30732288
603	4.1	14.8	0.30732288
604	3.1	14.8	0.307576832
605	4.1	14.8	0.307335168
606	5.3	14.8	0.307335168
607	2.1	14.8	0.307335168
608	5.1	14.8	0.307462144
609	2.1	14.8	0.307716096
610	5.2	14.8	0.307474432
611	5.2	14.8	0.307453952
612	5.2	14.8	0.307453952
613	3.3	14.8	0.307613696
614	6.1	14.8	0.307740672
615	5.1	14.8	0.3075072
616	6.1	14.8	0.30748672
617	6.3	14.8	0.30748672
618	4.1	14.8	0.307613696
619	5.3	14.8	0.307740672
620	4.1	14.8	0.307666944
621	4.2	14.8	0.307646464
622	3.1	14.8	0.307646464
623	5.2	14.8	0.307646464
624	3.1	14.8	0.307900416
625	5.1	14.8	0.307666944
626	4.2	14.8	0.307646464
627	6.2	14.8	0.307806208
628	3.1	14.8	0.307806208
629	6.1	14.8	0.30806016
630	9.6	14.8	0.30769152
631	5.4	14.8	0.307679232
632	3.1	14.8	0.307679232
633	5.2	14.8	0.307679232
634	3.2	14.8	0.307679232
635	6.2	14.8	0.307838976
636	7.4	14.8	0.30787584
637	2.1	14.8	0.307965952
638	6.4	14.8	0.307965952
639	6.2	14.8	0.307859456
640	2.2	14.8	0.307838976
641	3.2	14.8	0.307838976
642	5.4	14.8	0.307838976
643	5.4	14.8	0.307830784
644	8.3	14.8	0.307830784
645	6.1	14.8	0.307859456
646	4.1	14.8	0.307830784
647	5.3	14.8	0.307830784
648	4.3	14.8	0.307830784
649	5.3	14.8	0.307830784
650	7.1	14.8	0.307830784
651	6.5	14.8	0.30795776
652	7.4	14.8	0.30797824
653	6.4	14.8	0.30795776
654	5.3	14.8	0.30795776
655	3.2	14.8	0.30795776
656	7.4	14.8	0.30795776
657	8.3	14.8	0.308084736
658	6.4	14.8	0.308035584
659	5.5	14.8	0.308002816
660	6.5	14.8	0.308256768
661	7.4	14.8	0.308256768
662	5.4	14.8	0.308256768
663	5.2	14.8	0.308256768
664	3.1	14.8	0.3081216
665	5.4	14.8	0.308092928
666	5.5	14.8	0.308092928
667	7.4	14.8	0.308092928
668	7.7	14.8	0.308219904
669	9.6	14.8	0.308219904
670	4.3	14.8	0.30834688
671	10.3	14.8	0.308113408
672	8.3	14.8	0.308092928
673	8.3	14.8	0.308092928
674	5.5	14.8	0.308092928
675	5.4	14.8	0.308084736
676	10.5	14.8	0.308211712
677	6.5	14.8	0.308240384
678	4.3	14.8	0.308211712
679	4.5	14.8	0.308211712
680	7.3	14.8	0.308211712
681	7.6	14.8	0.308211712
682	8.4	14.8	0.308338688
683	4.3	14.8	0.308224
684	7.3	14.8	0.308338688
685	10.2	14.8	0.308338688
686	4.3	14.8	0.308465664
687	9.3	14.8	0.30859264
688	4.4	14.8	0.308359168
689	6.1	14.8	0.308338688
690	3.2	14.8	0.308338688
691	5.1	14.8	0.308338688
692	5.2	14.8	0.30830592
693	3.1	14.8	0.308432896
694	5.3	14.8	0.308432896
695	4.1	14.9	0.308781056
696	3.1	14.8	0.30867456
697	4.1	14.8	0.30865408
698	5.2	14.8	0.30865408
699	5.1	14.8	0.30865408
700	3.1	14.9	0.308908032
701	7.1	14.9	0.308809728
702	2.2	14.9	0.308781056
703	4.2	14.9	0.308781056
704	5.4	14.9	0.308908032
705	3.2	14.9	0.308936704
706	8.2	14.9	0.309006336
707	3.2	14.9	0.308998144
708	8.4	14.9	0.308998144
709	7.3	14.9	0.308998144
710	5.4	14.9	0.308928512
711	4.3	14.9	0.30889984
712	3.3	14.9	0.30889984
713	5.3	14.9	0.309153792
714	6.1	14.9	0.309047296
715	3.2	14.9	0.309026816
716	5.2	14.9	0.309026816
717	7.2	14.9	0.309153792
718	7.4	14.9	0.309190656
719	5.1	14.9	0.309153792
720	7.4	14.9	0.309542912
721	5.3	14.9	0.309542912
722	6.4	14.9	0.309542912
723	7.3	14.9	0.309182464
724	7.2	14.9	0.309161984
725	8.3	14.9	0.309161984
726	4.2	14.9	0.309161984
727	10.1	14.9	0.309190656
728	5.4	14.9	0.309161984
729	5.3	14.9	0.309161984
730	8.4	14.9	0.30928896
731	5.2	14.9	0.309317632
732	4.1	14.9	0.30928896
733	5.1	14.9	0.309415936
734	4.0	14.9	0.309415936
735	2.1	14.9	0.309415936
736	6.9	14.9	0.309542912
737	5.0	14.9	0.309301248
738	5.2	14.9	0.309280768
739	6.4	14.9	0.309280768
740	7.2	14.9	0.309280768
741	3.2	14.9	0.309280768
742	7.3	14.9	0.309407744
743	5.3	14.9	0.309428224
744	8.5	14.9	0.309407744
745	6.7	14.9	0.309407744
746	7.4	14.9	0.309407744
747	5.3	14.9	0.309407744
748	5.5	14.9	0.309407744
749	10.6	14.9	0.3095552
750	5.3	14.9	0.30953472
751	3.2	14.9	0.30953472
752	3.2	14.9	0.30953472
753	5.2	14.9	0.309661696
754	3.3	14.9	0.309735424
755	6.4	14.9	0.309743616
756	3.3	14.9	0.309743616
757	6.4	14.9	0.309710848
758	4.3	14.9	0.309665792
759	5.4	14.9	0.309628928
760	3.3	14.9	0.309628928
761	6.2	14.9	0.309628928
762	5.3	14.9	0.3096576
763	3.2	14.9	0.309628928
764	7.4	14.9	0.30959616
765	5.3	14.9	0.310362112
766	7.3	14.9	0.309993472
767	4.3	14.9	0.309981184
768	6.1	14.9	0.309981184
769	6.9	14.9	0.309981184
770	6.9	14.9	0.31010816
771	6.1	14.9	0.310075392
772	6.0	14.9	0.310034432
773	7.0	14.9	0.310001664
774	5.1	14.9	0.310001664
775	6.4	14.9	0.310030336
776	6.4	14.9	0.310001664
777	6.2	14.9	0.310001664
778	9.1	14.9	0.310001664
779	5.3	14.9	0.310022144
780	6.3	14.9	0.310509568
781	1.1	14.9	0.310509568
782	7.3	14.9	0.31012864
783	2.2	14.9	0.31012864
784	6.2	14.9	0.310255616
785	7.1	14.9	0.31014912
786	7.4	14.9	0.31012864
787	4.2	14.9	0.310382592
788	16.5	14.8	0.308727808
789	9.3	14.8	0.308707328
790	11.1	14.9	0.309088256
791	5.6	14.9	0.308854784
792	6.4	14.9	0.308834304
793	4.3	14.9	0.308834304
794	7.5	14.9	0.308834304
795	5.3	14.9	0.308834304
796	6.4	14.9	0.308834304
797	5.3	14.9	0.309088256
798	5.4	14.9	0.308854784
799	8.4	14.9	0.308834304
800	6.5	14.9	0.30889984
801	4.2	14.9	0.308953088
802	5.3	14.9	0.308932608
803	9.5	14.9	0.308932608
804	4.2	14.9	0.3091456
805	5.1	14.9	0.308912128
806	7.8	14.9	0.308891648
807	6.1	14.9	0.308891648
808	6.9	14.9	0.308891648
809	4.1	14.9	0.308764672
810	2.1	14.9	0.308764672
811	8.7	14.9	0.309018624
812	6.1	14.8	0.308637696
813	5.2	14.8	0.308637696
814	7.2	14.8	0.308637696
815	5.1	14.8	0.308637696
816	2.1	14.9	0.308764672
817	7.1	14.8	0.308637696
818	6.1	14.8	0.308637696
819	4.1	14.8	0.308637696
820	5.3	14.8	0.308670464
821	4.1	14.8	0.308670464
822	3.1	14.8	0.308670464
823	4.2	14.9	0.30879744
824	6.3	14.8	0.308637696
825	7.4	14.8	0.308736
826	7.1	14.8	0.308736
827	5.3	14.8	0.308699136
828	3.1	14.8	0.308731904
829	3.2	14.9	0.308985856
830	5.3	14.8	0.308604928
831	5.2	14.8	0.308604928
832	6.1	14.9	0.30885888
833	8.2	14.8	0.308604928
834	4.1	14.8	0.308604928
835	3.2	14.9	0.30875648
836	7.1	14.8	0.308629504
837	4.3	14.8	0.308629504
838	5.2	14.8	0.308629504
839	7.4	14.8	0.308629504
840	7.6	14.8	0.308723712
841	4.2	14.8	0.308723712
842	5.2	14.9	0.30875648
843	6.1	14.9	0.30875648
844	3.1	14.8	0.308432896
845	6.0	14.8	0.308432896
846	6.1	14.8	0.308432896
847	6.1	14.8	0.308432896
848	3.2	14.8	0.308559872
849	6.2	14.8	0.308465664
850	4.1	14.8	0.308498432
851	5.1	14.9	0.308752384
852	5.3	14.8	0.308498432
853	6.1	14.8	0.308625408
854	5.3	14.8	0.308498432
855	5.2	14.8	0.308498432
856	8.1	14.8	0.308596736
857	3.1	14.8	0.3085312
858	5.3	14.8	0.3085312
859	6.5	14.8	0.3085312
860	6.4	14.8	0.3085312
861	5.4	14.9	0.308912128
862	8.4	14.8	0.3085312
863	6.3	14.8	0.3085312
864	6.3	14.8	0.308563968
865	5.3	14.8	0.308690944
866	2.2	14.9	0.308944896
867	9.2	14.8	0.308682752
868	4.1	14.8	0.308682752
869	5.6	14.8	0.308682752
870	6.1	14.9	0.308809728
871	4.3	14.9	0.308969472
872	6.5	14.9	0.309059584
873	4.3	14.8	0.308543488
874	6.3	14.8	0.308543488
875	6.3	14.8	0.308543488
876	9.3	14.8	0.308543488
877	5.2	14.9	0.30879744
878	5.1	14.8	0.308543488
879	6.1	14.8	0.308543488
880	7.9	14.8	0.308576256
881	4.2	14.8	0.308576256
882	5.1	14.8	0.308703232
883	2.1	14.8	0.308576256
884	4.1	14.8	0.308576256
885	5.2	14.8	0.308576256
886	4.2	14.8	0.308576256
887	4.2	14.8	0.308576256
888	6.3	14.8	0.308609024
889	5.3	14.8	0.308609024
890	3.2	14.8	0.308609024
891	6.3	14.8	0.308609024
892	6.4	14.8	0.308609024
893	6.3	14.8	0.308609024
894	5.4	14.8	0.308736
895	7.4	14.9	0.308895744
896	4.3	14.8	0.308641792
897	4.3	14.8	0.308641792
898	6.3	14.9	0.308760576
899	7.3	14.8	0.3086336
900	7.4	14.9	0.308760576
