TimeOverhead
13777
14171
14244
14185
14076
14053
14347
14106
14207
14036
14119
13987
14134
14304
9794
14207
14369
14016
14093
9854
14126
14275
9845
14156
14229
9248
14065
14177
14025
14471
14006
9801
9918
14504
9240
10015
14164
14419
14529
14248
14481
14188
14522
10000
14149
14283
14586
14215
14347
14479
14500
14603
14211
14447
14429
14652
14370
14561
14582
10128
10275
9644
10176
11818
11838
11833
5711
6295
5990
6125
6352
6313
6426
6408
5868
6494
6469
6255
6455
6348
6411
6419
6061
6200
5811
6491
6485
6419
6415
6416
6403
6515
6504
6534
6489
6331
6504
6493
6550
6435
6525
14187
6260
6411
6515
6483
6465
6508
15185
6488
6368
13451
6566
6623
6700
6597
6094
6614
6622
6635
6304
6155
6596
6649
8188
8390
8166
8125
8185
8409
8416
8391
8283
8302
8410
8344
8359
8105
8115
8376
8408
8191
8222
8355
8277
8412
8284
8134
8362
8404
8315
8227
8462
8277
8361
8481
8230
8366
8469
8423
8443
8456
8412
8336
8173
8477
8467
8610
8431
8496
8574
8544
8671
8385
8475
8528
8866
8766
8513
8624
8723
8795
14956
14325
14894
14500
14969
14331
14804
14454
14520
14669
15230
14680
14695
14750
14547
15039
14638
14914
15033
15237
15021
14629
14842
14628
14804
15085
14846
14766
15273
15067
15305
15322
15084
15272
15216
15283
15140
15096
15075
15118
14889
15121
14742
14778
15171
15374
14916
15130
14723
14822
15222
15087
14789
14821
15328
15182
14872
15192
27830
27873
28734
28850
27696
27727
29065
28540
28442
28645
28710
28702
28635
27770
28520
27666
27746
28552
27457
28799
28779
28693
27568
27480
27913
28603
28855
27511
28531
27717
27979
29176
27613
27996
27751
28921
27706
26935
27754
27586
28522
28916
29187
27994
26952
27730
27942
27916
28585
29164
27713
27735
29254
28820
27623
29045
29018
28820
27954
27987
27918
28545
29074
28876
28616
28011
28599
28572
29101
28811
27106
29078
29245
29239
27765
27698
29050
28015
27947
28797
28720
27994
28794
29109
28810
27785
28765
27710
28650
29078
28922
28145
29409
27749
27856
29399
27937
28909
28872
28797
28014
28813
27840
27927
29126
27786
28033
27185
27264
27284
29465
28997
28172
28297
27931
29178
28413
29366
28923
29004
29163
28831
29184
28853
28823
28915
29308
28930
28432
28415
29300
28499
28400
29239
29360
29405
28476
28886
28492
29204
29287
29077
29231
29324
29541
28490
29382
29204
29155
28902
29450
29209
29045
28995
29396
29162
28500
29342
28479
28595
29028
29050
29184
28641
29535
29300
28559
29274
28541
29058
29528
29454
29523
29184
30823
30212
30325
30971
30933
30347
30129
30274
31083
31097
30329
30355
31059
31031
30320
30952
30266
30185
30290
31155
31192
30381
30901
31183
30950
31087
30228
30274
30378
30958
31190
31060
31154
31108
31183
31281
30341
31105
31037
31267
31291
31102
30982
31090
31329
31353
31347
30425
30336
30482
31224
30447
31080
30396
31219
30319
31064
31128
32386
33188
33144
33181
32234
32395
33244
33097
32269
32357
32322
33099
33021
32280
33201
32306
33288
32988
32426
32379
33169
32376
32502
32486
32361
33332
32549
33145
33282
32368
33101
32315
33155
33062
33214
32571
33340
32476
32519
32553
33341
32609
33227
32586
33316
32512
32636
32376
32654
33283
32468
33308
33191
33306
33151
32381
33226
32538
43253
43994
43194
43216
43384
43471
44113
43127
44170
44293
44186
43432
42595
44236
44323
43425
43405
44337
43658
44286
44338
43400
44304
43547
43769
43307
43409
42481
43384
42851
42566
41981
42795
43933
44065
44793
44833
44852
44803
43856
44984
44968
45011
44061
44111
44232
44241
44262
44162
43230
43273
42969
44223
44034
43984
44124
44286
44908
43244
44186
43180
44256
44329
44438
43252
43451
44170
43016
43992
43123
43442
43402
44244
44065
44460
43409
43277
43492
43479
43325
43239
44171
43296
44733
44331
41722
45300
44745
42461
43338
44512
41542
42432
44706
43423
44575
42477
42581
41472
41614
42804
41764
42835
42798
42687
40852
43547
43487
42509
42761
43651
42864
43017
41081
44696
41675
43725
41760
43975
41789
41121
41989
41140
43849
42819
44062
44193
44113
44142
42952
43154
43205
42165
41945
42207
44024
41957
41140
43060
42201
41969
43727
42849
41769
42092
42166
42186
41291
41289
42010
42030
43200
43938
43222
42101
42198
42219
42279
42032
45023
45004
42043
44965
41983
43084
43337
44256
43954
41329
42208
44038
42322
43023
42147
42138
43228
44088
42090
43120
44404
42937
43260
41416
43028
42179
44028
44231
43442
41384
42133
42012
42445
43455
44375
42325
42375
44196
43045
43256
44217
42995
41450
43299
43127
43007
42129
43069
43225
42332
42042
42032
42445
42388
42138
43107
42359
43490
42060
43130
43070
43523
43293
43323
42617
44566
43921
43830
42851
43802
42043
44639
43832
42311
42262
42126
41389
42388
41510
42076
41461
41523
41494
42434
41414
41462
41424
42221
41498
42315
42446
42462
42396
42157
42390
42248
42502
42311
41512
41593
42290
42200
41615
42423
42434
41567
42273
42213
42487
41664
42491
41795
42472
41674
41736
42603
42372
42533
42349
42430
42441
42421
42715
42541
41707
42439
41763
42712
42648
41881
42639
52359
53210
52427
53187
53076
52971
52250
52464
53183
52268
53137
53129
52446
53063
53056
53078
53192
53128
52507
53195
52272
53119
52357
53268
52343
53314
53248
53314
52349
52392
53213
53184
53086
52444
52438
52491
53239
53160
52439
52471
53087
53345
52328
52351
52525
52447
53133
52320
53395
52338
52521
52403
52587
53134
52444
53357
53178
52576
54126
53783
54097
53980
53861
54681
53855
54058
54052
54126
54775
53888
53911
54055
54846
54161
53932
54037
54897
54820
54690
54835
54139
54740
54125
53998
54910
54835
54188
53992
54093
54036
54088
54075
54743
54808
54889
54932
53926
54765
54908
53910
53983
54934
53908
54083
54030
53941
54184
54865
54060
54861
54844
54837
54891
54094
53986
54233
56296
56122
56139
56122
56417
56310
56090
56114
56284
56994
56014
56067
56394
56217
57120
56154
57027
57058
57100
56254
56148
56283
57012
56456
56470
56076
57133
57096
56330
56316
56419
57131
56109
56310
56522
56254
56379
56155
56397
57118
57150
56466
57086
56321
56296
56459
56312
56435
56587
56205
56395
56537
56530
57231
56595
57157
56194
56238
57108
58049
57694
58656
57763
57979
58150
58092
57827
57824
58090
58689
57727
58756
57206
57915
58735
58051
57744
57859
58103
58036
57818
58020
57933
58734
58132
57922
58786
58233
57882
58198
57977
57861
58165
58269
58017
57941
58247
58128
57850
58082
58015
58248
57980
58162
58074
57876
58160
57851
57814
58128
58049
58071
58267
58088
57840
57933
59334
60278
60231
60023
59407
60280
60213
60207
60159
60231
60064
60026
59439
60153
59964
59409
60410
60422
60214
60196
60440
59442
59419
60371
60285
60028
60101
60053
60255
60477
59409
60192
60374
60025
59508
60192
60175
60398
60460
60261
60435
59455
60057
60369
59491
60204
60247
60359
60473
60464
60118
60189
60181
60144
60208
60459
60112
60394
61689
61809
60982
61957
61909
61649
61862
61106
61758
61034
60986
61920
61052
61794
61027
61043
61016
61911
61154
61098
61120
62053
61755
61697
61820
61753
62079
61850
61912
62027
61808
61883
61823
61128
61769
61763
61156
61758
61064
62088
62083
62046
62110
61970
62006
62070
61850
61923
62059
61221
62033
61954
61978
61241
61275
61788
62184
61105
67642
67019
67001
67821
67845
66896
67687
67054
67596
67687
67731
67744
66847
67859
67761
67694
67109
67840
67792
67743
66927
67002
66954
67117
67798
67032
67702
67653
67099
67880
67921
67016
67978
67861
66991
66914
67139
67699
67103
67867
67696
66950
67093
67087
66965
67796
66950
67743
67905
67985
67080
67042
67742
67056
67890
67990
68012
67003
81022
81182
81219
82069
82077
81078
81299
81998
82093
81205
82084
82065
81176
82117
81347
81410
81228
81369
82189
81401
82029
81311
81301
81332
81263
81465
76630
77577
82267
81406
76805
77689
77644
76930
82513
77011
82322
76829
77732
76853
77818
77106
81470
77072
77113
81515
77224
77286
77034
81871
77155
77187
77016
76945
76934
77278
77250
76916
77837
77310
81566
77346
81619
77946
77197
81874
78009
77375
78064
81858
77367
82081
81951
82723
77079
77100
77183
81767
82069
82708
82810
82035
81823
81776
77524
77505
81756
77235
77205
77335
77347
77477
82769
77307
82112
77580
82842
82035
82108
81978
77343
82838
77607
81990
77325
77427
82972
82790
83012
82992
82133
82032
82802
82812
77541
81883
78539
78785
78454
78579
78520
78644
79425
78741
79462
78553
78668
78873
78825
78522
78719
78658
78907
78927
79444
79496
78783
78926
79513
78473
78878
78468
78641
78490
78914
78875
78569
78965
78590
78733
79502
78791
78822
78478
78560
78641
78692
78854
78865
78692
78897
79563
78744
78846
79521
78793
78572
78693
78542
78776
78805
78567
78658
78942
79411
80257
80061
80003
80408
80109
80042
80176
80492
80042
80256
80442
80251
80490
80079
80159
80176
80533
80041
80250
80301
80524
80142
80172
80404
80244
80285
80408
79528
80167
79520
80469
80160
80271
79506
80476
80247
80400
80379
80460
80499
79612
80180
80330
80422
80452
80575
80383
79565
80404
80274
79607
80568
80497
80458
79619
80158
80581
82623
82345
82547
82371
82562
82304
82585
82331
82461
82391
82673
82623
82522
82425
82436
82627
82597
82416
82708
82303
82563
82675
82524
82365
82320
82582
82562
82403
82633
82513
82523
82383
82665
82335
82464
82505
82359
82549
82489
82701
82481
82722
2398
2436
2499
2418
2437
2408
2477
2497
6255
2478
2511
2470
13273
13997
14007
13967
13929
13384
13985
13960
14033
14095
14237
13921
13416
13989
13972
14226
13302
13525
14228
14037
14219
13356
13396
14313
13502
13517
14261
14206
14350
14100
13482
13495
13416
13512
14358
13402
14105
13416
14441
13448
14455
14319
13536
14443
14534
14363
14555
14456
14427
14375
14527
13604
14508
14470
14216
14316
13586
13687
13003
12989
13810
13923
13920
12958
12978
12999
13841
13757
12921
13165
13032
13709
13883
13146
13905
13017
13197
13793
13869
13108
13930
13222
12980
13040
13838
12971
13768
13984
13964
13905
13145
14036
13005
13906
14078
13076
13864
13999
13807
13192
14078
13993
13955
13829
13165
13237
13264
13877
13283
13214
13912
13157
13108
14139
13961
13345
12133
12471
11561
11539
12174
12205
12347
12207
12430
13313
11596
12340
12307
13191
12418
13151
12429
13134
12359
11647
12523
11567
12488
13386
13307
13238
12598
12663
12425
12666
11718
12603
11670
12505
13370
12652
13325
13425
13476
12454
12323
13372
11613
12360
12342
12432
11830
11851
12645
12586
11722
12406
11817
11751
12753
12877
11750
12712
11820
12575
13540
12730
12558
12831
11866
12941
12633
12961
12544
13568
12182
13930
13920
12957
13188
13199
13219
13883
12769
12125
13945
12076
12067
13916
12139
13154
13816
12985
12783
13970
12915
13959
13605
13349
13743
13758
6475
6508
6702
6528
7248
6791
6646
6786
7151
6673
6767
7294
7287
6795
16198
6808
6725
6741
7421
6768
6745
6738
7382
13381
6825
6819
7342
7407
6880
6977
7275
6789
7525
6790
6870
7483
7517
7529
7301
7003
6896
7484
7010
7610
7132
7146
7278
7258
9325
7853
7128
7824
7232
7164
11550
11670
11811
11597
12017
12416
11697
12438
11828
11767
11687
11645
11758
11667
11872
11867
11637
11917
11925
11725
11654
12507
11849
12488
11752
11869
11942
11959
11736
11945
11940
11824
12118
11728
11917
11712
12335
11928
11753
12129
11906
12356
12359
11851
11886
12566
11994
11800
11772
11981
12043
11859
12013
11759
12041
12008
11908
11779
25006
24975
23746
24914
25069
25089
25268
25144
25110
25114
25451
24998
24532
25080
25372
25129
24992
25007
25045
25132
25136
25127
24783
25130
25416
25086
25220
25180
25129
25553
25275
23852
25252
23871
25183
25175
24948
25582
25206
25113
25308
25480
25039
24649
24877
25262
25223
25114
25179
25627
25639
25623
25465
23946
25472
25367
25245
24708
24575
24505
24690
26080
24540
24717
24679
24776
24619
24611
24604
24769
24782
24620
24817
24737
24725
24661
24705
24801
24847
24858
24847
24679
24939
24725
24973
24878
24898
25039
25138
25160
25138
25159
24971
24986
25135
25118
24953
25080
25090
25142
25018
25074
25130
25230
25010
25119
25070
25052
25024
25122
25084
25152
25062
25210
25108
25108
26648
26794
26607
26681
26760
26756
26599
26759
26681
26791
26118
26855
26659
26601
26612
26793
26649
26105
26865
26773
26685
26848
26612
26713
26199
26213
26666
26721
26667
26181
26654
26210
26741
26788
26178
26909
26772
26716
26948
26859
26814
26971
26255
26979
26847
26223
26949
26895
26962
26854
26905
26212
26995
26795
26972
26798
26922
26973
27754
28596
27662
28470
28524
27793
28430
28664
28647
28588
27726
27779
27750
28639
28444
27693
28583
28476
28490
28564
28742
27807
28396
28598
28631
28393
28437
28775
28797
27762
28730
28585
28688
28470
28501
27922
28451
27801
28469
27921
27824
28833
27850
28760
28642
28613
28706
28612
28555
27943
28554
28841
27989
28766
28860
27843
27936
28687
30774
30806
30639
30872
30924
30658
29908
30674
29944
30108
30650
30104
30912
30053
30755
30969
29958
30157
30034
30803
30122
30077
30767
30172
30126
29943
30763
30886
30760
30137
30005
30049
29992
30951
30069
30188
30949
29998
30834
30949
30110
30868
30899
31003
31090
31063
30275
31057
31011
30099
30197
30910
30171
30970
30149
30880
30961
31086
41677
40852
40861
40870
41841
41079
41169
41065
42169
40294
41147
39203
39295
40366
40574
41606
42279
42210
41372
42300
42251
42292
42221
41502
42121
41282
40321
40622
41263
40533
41502
40644
41357
41428
40516
42248
42339
40446
40378
41240
42451
40408
41590
40419
42261
41675
41646
41409
42555
42517
40736
42454
41545
42476
41896
41856
41817
40507
41798
42439
40679
40769
40840
41872
40792
41910
41792
41664
41772
41629
41512
39699
41587
42698
42507
39795
42569
39807
41890
40832
39762
39925
40665
41847
41806
39695
39795
41509
39736
39890
41778
39555
42024
41655
40903
42667
41896
40616
40595
39956
41867
40566
41049
40039
41761
41879
40928
41611
40680
41040
42691
39556
40666
40917
40078
39755
39644
40040
39970
39615
39902
39638
40723
40754
39720
40884
40704
40686
41015
40057
40837
40853
40973
41095
40685
40065
39904
39823
40836
39173
40220
38849
42304
41414
41384
39960
39042
41968
40337
39085
42050
41268
42001
40025
40280
39361
39090
40262
40172
42107
39381
40377
41267
39255
39316
39420
39297
39269
39149
39122
41115
40138
40062
41076
40216
39212
38548
39498
39065
41104
40176
40440
39613
40575
39337
40519
40427
39136
41169
39297
39158
40592
39409
40249
39491
39362
40645
39211
40281
40382
38623
40329
39287
39652
39713
39663
39250
39684
39261
39552
38671
39706
39452
39696
39435
39498
38938
39771
38983
38960
39692
40016
39551
39683
39608
39954
39027
39825
39066
39663
39865
39695
38955
38953
39192
39989
40104
40014
39932
40265
40245
39290
39282
39886
40200
40131
39970
40094
40165
39318
40196
40066
40279
39383
40029
39344
39919
40250
39285
39386
40253
39366
40112
40232
39992
39398
40053
40366
39299
39439
40065
40306
40246
40146
40360
40189
40101
40039
40031
40112
39991
40243
40012
39367
40134
39439
40236
40386
40081
40183
47649
47232
46670
47279
47382
47395
47338
47634
48487
47277
47440
46576
48427
47620
48373
47482
48307
48289
47682
48346
46488
46775
47627
46772
47412
46709
46701
48653
46510
48393
47782
47398
46824
48525
46720
46783
48456
46630
48441
48566
47485
48412
46706
47835
47673
46596
47607
48662
47775
46756
47447
47844
46661
48736
48500
48625
47706
47460
47590
47699
47932
46777
47546
47921
48513
48808
47508
48802
48010
48848
47737
48790
48703
46896
46757
48792
46863
46776
48016
47000
48663
47743
46809
48800
46906
47966
48697
48601
48733
48782
47668
46981
47738
46871
46897
47886
46787
48727
47834
48715
47037
47856
48834
47096
47966
47891
47961
47789
47725
47929
48904
46886
47036
47865
47705
47969
47562
47667
48370
47454
48439
47722
47765
47497
47559
47815
48436
47611
47593
47781
47563
48550
47752
48545
47676
47550
47746
47537
48513
47909
47608
47853
47748
48452
48474
47878
48521
47602
48508
47660
47877
47577
48635
47714
47727
48579
47854
48524
48608
47829
47793
47755
48608
48487
47662
48636
47978
47789
47891
47976
47969
48519
47611
47818
54430
53557
53510
53683
53676
53871
54458
53487
53872
53503
53567
53899
54416
54510
53796
53527
53450
54472
53817
53739
53801
53473
53667
54474
53800
53593
53667
53590
53712
53624
53700
54536
54489
53543
53910
54486
53814
54562
53761
53981
53755
53674
53809
53691
53894
53956
53619
53563
53716
53760
53932
53584
53928
53951
53573
53877
53861
53984
56085
56112
55710
55795
56023
55125
55085
55677
56653
56046
55807
55749
55670
55834
55961
55669
55955
55747
55952
56025
55673
55817
55924
56025
55125
55715
56155
56135
56179
56030
55751
55179
56159
56071
56025
55845
55787
56094
55188
55958
56141
55992
55883
55166
55940
56064
56178
56000
56172
56024
55965
56757
55980
55869
56144
55825
55956
55887
57453
57584
57604
53135
57416
57582
57636
57445
57570
57351
57413
57399
53267
57357
57441
57462
57518
57551
57562
53265
57547
57358
53181
53263
57413
57507
57611
57686
57414
53297
53240
57390
53264
57618
57723
57469
53205
57577
53270
53341
57698
57751
57791
57815
57401
57766
57638
53258
53309
57403
57788
57839
53278
57803
57696
57584
57831
57497
56320
55402
56097
56170
56322
56114
56076
56357
56341
55483
55556
56247
56201
55421
55405
56167
56410
56153
55464
56327
56349
56250
56173
56444
55442
55392
55409
55389
55573
55600
56161
56411
56159
56379
56281
56147
56328
55569
56309
55613
56344
56364
55457
56150
55599
56493
55553
56255
56369
56269
55479
56484
55605
55553
56399
55578
55539
56312
56927
57233
57876
57256
57921
57171
57989
57897
57955
58043
56995
57120
57816
57051
57024
57170
57813
57103
57268
57055
57262
57194
57052
57137
58024
57164
57828
57902
57884
57123
58074
57902
57943
57285
58039
57928
57333
57884
58100
57206
58041
57899
57255
57857
57957
58092
58138
57138
57304
57295
57239
57094
57187
58043
58027
58017
57296
57162
59473
60227
60139
59546
60226
60198
60119
59425
59367
60215
60229
59226
59307
59320
59341
60290
59225
59590
59469
59413
59424
59493
59307
59279
59393
60301
59294
59538
59481
60217
59397
59367
59318
59398
60155
59592
60208
60258
59563
60219
60161
59584
59456
59668
60283
59609
59499
60196
60255
59550
59571
59330
59520
59651
60216
59341
60357
59392
63003
62624
62615
62678
63639
62956
63666
62696
62786
62646
62591
62943
63045
62917
62791
63608
63643
62859
63603
62779
63652
62900
63629
62763
62878
62988
63667
62822
62914
63722
63078
63092
62813
63011
63668
62785
62933
62872
63159
62742
63819
63118
63041
63063
63085
63179
62802
63253
63164
63020
62826
63851
62987
63202
62908
63284
62886
63104
71636
71651
71665
71641
6428
6278
5511
6138
6098
6189
5503
6273
6513
6484
6480
6279
6052
6133
6476
6229
5513
6412
6347
6439
6358
6128
5500
6440
6530
6268
6289
6282
6275
6397
6178
6361
6523
6149
6491
5652
6518
6458
6760
6612
6741
5779
6377
6459
6645
6668
6762
6665
6378
6541
6496
5803
6405
5821
6392
6489
6479
6786
8417
7832
8514
7888
7870
8439
7755
8616
8407
7782
8635
8790
7810
8754
8506
7859
8481
7818
8618
8571
8834
8757
7907
8680
8753
8723
7874
8885
8714
7896
8837
8500
8884
8583
8504
8605
8697
8579
8671
7993
8763
8663
8855
8908
8808
8879
8667
8587
7882
7944
8834
8804
8633
8007
8746
8879
8728
7919
9348
10199
10075
10310
10147
10082
9421
9545
9409
10411
9344
9370
10313
9437
10298
9523
10211
10165
10148
9606
10218
9563
9425
10252
9541
10288
10451
10390
10287
10429
9534
10505
10480
10467
9761
9715
9680
9793
9769
10497
10615
10567
10647
10341
10404
10641
10551
9736
10579
9670
9624
9787
9720
10490
10443
10414
10366
9673
19470
18626
19339
19401
18786
19498
18764
18526
19371
18676
19481
19415
18680
18612
19375
18796
18823
18734
18788
18839
18735
18664
19587
19741
19376
20043
20063
20125
19278
19214
20037
19535
19419
20264
20137
20070
20310
20194
20275
19588
20271
19283
19399
19543
19337
19351
19542
19525
20257
20303
19468
20298
20434
19420
20416
19359
19393
19447
19446
20179
20165
20240
19474
19378
19286
19500
19374
19614
19266
19591
19376
19610
20201
19565
20217
20150
19371
19725
20688
20722
20622
19826
19810
19802
19717
19900
20650
20593
19937
19841
19724
20108
20649
20034
19759
19984
20766
19841
20106
19927
20672
20097
20030
19985
20809
19811
20095
19838
20042
19863
20000
20031
20695
19959
20802
20766
21723
22396
21832
21309
21417
21716
21649
21792
21787
22439
21603
21686
21469
21572
22487
22433
22414
21771
22411
22436
21905
22010
21945
22058
22313
22135
22079
22273
22213
22185
22030
22153
22308
22995
22188
22394
21976
21901
22385
22979
22043
22155
22178
22105
22332
22314
22137
22107
22060
22456
22239
22035
22338
22151
22508
23087
22458
22339
32107
33009
32971
32801
32934
32704
32988
31866
33648
33147
32025
33041
32845
31748
31892
33184
33252
32179
32134
32979
32867
33246
31511
30606
31183
34205
31842
33058
33089
31288
32950
34160
33970
33004
31942
32003
31267
32330
32993
34284
32244
32306
32032
32042
33966
33906
32268
32207
34239
34058
32310
32096
33000
32169
32088
33930
34251
34070
34293
32180
32161
33143
34103
33286
33984
32304
33186
31924
33250
33135
32014
32361
33201
34335
33045
32999
34121
33293
34212
33425
34275
31295
34436
31365
34257
33397
31450
33319
32330
32482
33354
34503
32100
33306
32467
32528
34107
33499
31194
32399
33170
33189
35004
34270
31331
33118
34194
32122
31465
33556
32215
34320
33397
33569
32226
34601
31551
32443
32330
33205
33166
34306
33351
33592
31616
32624
31474
32627
34457
33608
34686
33388
33709
32570
32531
34611
33412
34683
34313
34474
33579
33661
33339
31650
31690
31631
31581
33654
31602
32724
34443
32563
33478
34338
32397
34700
31690
32492
32445
33440
32679
32456
32821
33783
33462
31792
32501
31723
32485
31586
30929
30900
31989
31010
31801
31092
30962
32900
31832
31717
32848
31739
32899
31700
32170
33092
31895
31156
31096
31247
31057
31175
31997
31319
31958
31325
32169
31305
32436
32455
32548
31719
32580
31710
32350
31573
31917
31667
32648
32446
32548
32559
32641
31821
31914
32711
31983
32020
32184
32386
32285
32447
33206
33237
32256
32236
33045
32202
31303
32295
31295
31285
32518
33187
31459
32145
33278
32236
32570
33072
31434
32272
32179
31281
31551
31412
31391
31412
31595
32433
31574
31858
31759
31617
31670
31715
32544
32614
31869
31938
32465
32455
31727
32517
32527
31569
32558
32449
31641
31924
31742
31885
31865
31896
31957
31907
31737
31970
32597
32558
31812
32649
31954
31653
31876
31826
32697
31699
32668
31801
44024
44410
44212
44107
45101
44453
45124
45104
44162
44406
44214
44366
45056
44103
45067
45097
44449
44498
44105
44530
44520
44156
44450
44562
44339
44412
44260
45193
44480
45120
45130
44240
45217
45203
44536
44206
44253
44295
44362
44458
44537
44588
44439
44457
44369
44681
44451
44290
44531
44500
44431
44343
44635
45386
44479
44503
44537
44792
45523
45302
45326
45154
45575
45130
45192
45378
45231
45530
45523
46101
45489
45473
45108
45601
45359
45310
45323
45296
45134
45472
44631
45617
45366
45246
46183
45285
45197
45558
46186
44645
45229
44631
45489
45247
45393
45272
45542
44678
45600
45664
45384
45475
45367
45628
45245
45593
45373
45344
45491
45564
45683
45561
46257
45534
45558
45286
47770
47541
46799
47793
47596
47417
47440
47847
46838
47540
46868
47629
47805
47434
47856
47701
46833
46808
47864
46915
47738
47774
47514
47578
47540
47838
47781
47673
47655
47638
47672
46938
47530
46874
47780
47508
47886
47840
47862
47875
47645
46929
47672
47614
47871
47600
47633
47778
46930
47847
47536
47786
47810
47559
47680
47005
47844
47068
44913
49263
49367
49279
49112
49084
49198
49326
44973
49124
49377
44858
49425
49399
44899
44821
44948
44848
44943
49378
49391
44900
49107
44837
49205
49258
49281
49205
45021
44908
44901
49388
49513
44892
49323
49500
49423
44875
49366
44985
49384
49398
49317
49233
49262
49436
45088
49400
49250
45135
49245
45064
49383
45093
49619
49374
49366
49568
47105
47001
47146
47020
47183
47998
48043
47804
48027
47929
48003
47975
47165
47199
47262
47093
47890
47152
47887
47207
47981
47101
47085
47881
47099
47935
48109
47900
47972
47284
47937
47329
47212
47897
47972
48157
47164
48061
48157
47346
47327
48194
47304
48057
48041
47391
47324
47387
47930
47222
48027
47921
48167
48118
47228
47431
48157
47257
49652
48958
49621
48926
48771
48659
48693
48993
48798
48881
49683
48847
49638
48737
48824
49627
49730
48841
48885
49606
48684
49675
48907
48754
49025
49594
48693
49559
48834
48718
49780
49653
48998
49770
48842
49047
49648
48990
49701
48823
48782
48774
49634
49038
49771
48851
49766
49028
49000
48872
48953
49686
49094
49736
49659
49044
49676
49012
55564
55557
55540
55583
54759
54661
54653
54687
54570
55609
54825
55513
54591
55511
54577
54748
54561
55590
54878
54830
55569
54978
54639
54903
54963
54759
55578
54775
54737
54851
54764
55583
54690
54902
54726
54839
54712
54956
54982
54872
55574
54691
54635
55038
54853
54925
55604
54761
54674
55079
55094
54976
55042
54752
55692
54899
55037
55134
67512
69040
67620
68940
68741
67724
67775
67179
68917
67191
68960
67922
69092
67764
68035
69105
67896
67977
68996
68986
67869
69020
68053
68721
68782
67176
68115
68864
68924
67927
69166
68823
68784
68745
67958
67906
68962
68238
69127
67382
68319
67515
67476
69386
68429
67503
69200
68122
69494
68279
69353
69427
68086
68519
69340
69596
69524
68406
69254
69332
69627
68606
69324
69313
69648
68649
68228
69528
69236
69358
68332
68252
70150
68483
69161
68283
68625
68515
68535
68647
70163
68606
68306
69546
68408
67639
69446
68306
70221
69562
68465
68526
69575
68606
69245
69679
68267
70247
69337
68380
67622
70260
68251
68643
67654
68614
70272
69463
69322
69534
68350
68661
68716
69364
69722
68565
66825
66658
67810
66776
67759
67092
67865
67611
67112
66012
67810
66117
66958
66714
66804
68061
66886
68203
66232
67965
66153
67950
67961
66924
67883
66880
66317
67359
66287
67261
68225
68154
67045
68332
68107
67401
66371
67484
68196
67475
67426
66574
68335
68128
68437
67150
67419
67549
67261
67415
66484
68381
68281
68479
68293
67412
67443
68417
67279
67516
67666
67427
68597
68274
66642
66672
67645
66593
66544
66513
68575
66685
67340
66655
68535
68288
68556
68457
66537
67332
67283
67521
67722
66580
66620
66588
67565
67322
68669
68704
68316
68726
66696
67741
67682
67495
67000
67716
67824
67994
67657
68034
66922
68685
66915
67920
68922
68024
68114
68877
67184
68905
67082
67888
67838
68866
59010
58588
58604
68483
68535
68479
68530
67863
67252
58615
58603
68433
68575
58509
68631
58540
68454
58610
67902
58594
66854
68627
68511
67883
58550
58651
68568
58626
68635
58585
68698
68612
68633
68562
68687
67128
68531
68523
66138
67979
58692
58603
58632
67995
68717
68688
58676
68533
58662
58656
58646
68612
68762
67957
58609
58688
68004
67995
60654
60568
60517
60562
60609
60621
60826
60627
60793
60436
60715
60530
60546
60673
60754
60493
60434
60620
60579
60790
60840
60452
60469
60442
60421
60481
60735
60705
60562
60514
60831
60592
60737
60450
60647
60637
60546
60536
60621
60718
60870
60796
60524
60587
60891
60561
60835
60576
60458
60892
60851
60514
60545
60637
60589
60542
60870
60837
62847
62734
62866
63077
62774
62853
63054
62865
62608
62898
62673
63004
62995
62851
63136
62613
62967
62771
63070
62597
62649
62991
63142
62858
62969
63133
62963
62851
62863
63068
63082
63094
63135
63069
63046
63140
62874
63183
62980
63131
62761
62794
62838
62796
62893
63049
62792
63197
62758
63222
63200
63229
63184
62986
62761
62910
62798
62870
65110
65018
65192
64817
65292
65134
64896
65107
64799
65243
64823
65093
64959
65275
64954
64804
65138
64899
65172
65184
65206
64876
64837
65043
64873
64924
64958
65211
65003
65046
64906
65041
64829
65338
64966
65278
65310
65253
64932
65141
65110
65301
65045
65008
65143
65104
65358
65404
65141
65187
5834
5860
6221
5901
5810
5949
6258
5996
5322
5915
5905
6093
6022
5890
6195
6414
6373
6263
6030
6294
6246
6410
6044
6239
5643
6389
6521
6461
6512
6502
6655
5679
6455
6181
6356
5622
6387
5633
6317
6338
6682
6581
6530
6663
6359
6441
6602
6726
6522
6706
6288
6614
6647
5709
5679
6383
6231
5700
7823
7472
6857
7823
7675
7544
7811
6925
6832
7666
7456
7794
7705
7687
6797
7558
6937
6844
7741
7805
7768
7783
7603
7564
7577
7644
7758
7710
6944
6964
6835
7819
6856
7651
6872
6971
7699
7725
7583
6897
7569
6931
7857
7891
6950
7701
7673
7614
7579
7569
7743
7920
7726
7546
7949
7850
7565
6986
9080
9253
9960
9783
9252
9910
10013
9220
9944
9976
9076
10085
10145
9258
10113
10135
9945
9935
10028
9250
10080
10004
9846
10129
9882
10154
9959
9163
9346
9438
9572
10159
10300
9657
9425
9570
10491
10426
9645
10233
10244
9482
10376
10289
9593
10276
9518
9585
9496
10300
9606
10453
10497
10282
9575
9590
9613
10466
10896
10765
10698
11507
10878
11533
11657
10631
10614
10885
11449
11613
11508
10669
11640
10695
11484
10864
10788
11637
11689
11703
10787
10729
10783
10684
10881
10936
11543
10883
10862
11000
10780
10896
11735
10968
10815
11686
11615
11051
11604
11811
11804
11697
11718
10836
11579
11660
11780
11713
10822
11068
11633
11709
11027
10938
10949
11027
13941
13825
13267
13332
13206
13249
13054
13138
12971
13027
13140
13287
14026
13004
13118
13070
13998
13122
13041
13948
14091
13073
13385
13244
13042
13093
14103
13118
13294
13274
13349
13212
14071
13973
13344
14062
13460
13243
13411
14117
13467
14062
13224
13354
13449
14145
13317
13309
13213
13354
14074
14105
13418
14052
14097
13508
14085
13295
13935
13997
13936
14831
14104
14623
14950
14840
14258
14749
15011
14994
14778
14883
15637
14990
14027
15625
14142
15663
14887
15621
14236
14966
15604
14178
14347
15623
15606
14212
14406
14978
15111
15105
14220
15045
14258
15009
15691
14102
15678
15052
15727
14386
14134
14862
14964
15069
14854
14655
14221
15151
14896
15116
14946
15053
14219
14867
21000
20584
20730
20825
21114
20963
20310
20851
20638
21305
21114
21034
21523
21139
21169
20613
21065
21136
21016
21116
21321
21422
21408
21070
21447
21117
21513
20652
21021
21402
21502
21604
21377
21504
21278
21084
20702
21511
21647
21724
21056
21448
20743
21305
21069
21647
21228
21678
21276
21503
21620
21236
20861
21406
21387
21248
21703
21422
21233
21117
21231
20952
21148
21100
21123
21015
20333
20317
21039
20306
21240
21214
21231
21003
21347
21300
21375
21559
21509
21695
21449
21685
21610
20788
21825
21674
21548
21611
21788
21669
21495
20956
20860
21663
20916
21819
20963
21633
21627
21576
21568
20878
20922
21752
21558
20945
21959
21721
21554
21990
21003
21928
21043
21583
20951
21659
27586
26812
26836
26881
26814
27506
27701
26841
27829
26881
27776
26950
27713
27842
27805
26838
27792
26924
27017
27588
27032
27614
27768
27731
27727
27599
26973
27026
27662
27606
27814
27738
27914
27035
27032
27865
27768
27933
27104
27013
27707
27812
27664
27787
27772
27116
28022
27175
27772
26995
27019
27947
28074
28007
27230
27915
27827
28077
27887
28672
28504
27826
27860
28609
27852
27898
27943
28554
27668
27796
28508
27891
27954
28627
28601
28615
28518
27885
28587
27779
27842
28746
28699
27754
28577
27980
27895
28755
28742
28704
28616
28693
27998
28560
28744
28801
27933
27866
28841
27852
28595
27940
27973
27906
28618
28654
27836
27909
27937
27842
27827
27883
27899
28852
28756
28920
28484
27624
27769
27740
27720
28460
28401
27489
27510
28412
28393
27712
27659
27709
27463
27498
27601
28361
27795
27706
27575
28521
27513
27565
27618
27712
27735
27676
27868
28570
28433
27611
27848
28499
27484
27895
28519
27682
27836
28466
28560
27590
27527
27836
28631
27671
28569
28477
27761
28645
27964
27958
28509
27812
27774
28613
27887
28560
29796
29146
29834
29124
29095
29178
29875
29124
29050
29880
29932
29241
29306
28885
29279
29004
29087
28918
29073
29840
28968
29242
29190
28992
29075
29072
29240
28975
29924
29352
29166
29039
29996
29168
29073
29348
29021
29967
29429
29340
29086
29220
30028
29420
29141
29307
29259
29475
29036
29973
29411
29988
29199
29164
29391
29283
29104
29490
30724
30526
30676
30849
29858
30739
30457
30776
29907
30496
30671
30622
30604
30751
30660
30808
30916
30851
30660
29934
30943
30467
30519
30858
30706
30560
30910
30647
30756
29957
30556
30787
31508
30495
30966
30762
30950
30536
30548
31517
30940
30646
30905
31023
30646
31555
30755
30843
30693
30565
30669
30879
31605
30733
30995
30771
30682
30932
35385
35430
35492
35456
35489
35483
35566
35797
35567
34784
34889
35535
35833
35632
35797
35557
35863
35622
34862
35481
35644
35446
35832
35763
35432
35688
34892
35641
34952
35824
35759
34863
34936
35545
34932
35786
35827
35760
35927
35751
34915
35653
35668
35741
35866
35847
34922
35552
35836
35617
35943
35534
35011
35581
35826
34973
35927
35818
45926
45967
46231
46029
45879
45182
45274
45253
46121
45324
46000
46030
46265
45931
45388
45358
45379
45309
46076
45938
46191
45244
46141
46103
46132
45921
46022
45378
46125
46236
45430
46167
45296
46195
45994
46233
45266
46305
45317
45308
45391
46317
46105
46177
45311
45403
46019
46251
46312
46282
46081
46061
46121
46314
45396
46163
45478
46346
53153
52455
52343
52380
53074
53234
53289
53305
52322
53359
52518
52385
52367
52465
52302
52451
52495
53270
53193
53127
53319
53334
53314
53168
52441
53313
52463
53277
52600
52615
52526
52344
53415
53408
52373
53193
52566
53321
53244
52409
52630
53235
52626
52413
53285
53175
52452
52465
52563
53449
53313
52625
53348
53282
53225
52510
53219
53343
52675
52843
51857
52027
52658
52688
52653
52789
52629
51742
51868
51839
52594
51890
53563
53080
53697
52629
53058
51846
52607
51787
52796
51754
53039
52643
51815
51845
52042
52714
52905
51973
52076
51996
53011
53092
52821
51891
53161
51819
52163
52737
52127
52838
51786
53689
52038
51787
52890
51827
52089
53693
51962
52132
53874
52003
52990
52801
53204
53122
53052
52102
53862
53145
53797
53864
53098
53175
53086
52886
53960
52260
52240
52989
53119
53841
53160
52844
52976
52205
54010
52961
52141
53825
52022
52093
52275
53855
53283
53243
53123
53918
53929
52233
54022
53060
51988
54055
52021
53893
52074
53112
53171
54023
52251
51940
53124
52994
53266
51983
54036
53971
51975
53369
54081
52016
54011
54056
53771
53943
54800
54063
53820
54114
54000
53796
53889
54234
53907
54188
53868
54207
54054
54099
54285
54899
54281
53962
54022
53972
54917
54349
54019
54107
54099
54090
54065
54247
53931
54270
54337
54165
54006
54302
54435
54336
54969
54268
54438
54206
54998
54244
54427
54372
54100
53465
54032
53483
54009
54996
54492
54139
54063
54309
56655
57606
57697
57863
57543
57845
57774
57654
57575
57435
57405
57855
56886
57696
57716
57607
57557
57637
57568
57468
57788
56849
57539
56879
57480
56861
58007
56997
58018
57575
57698
57948
57779
57708
57869
57919
57059
57739
57930
57780
57760
58061
57091
58013
58052
57655
58247
58518
58419
58329
58881
58626
59969
61573
61517
57625
58256
58576
63293
63330
63298
63541
63184
62538
63519
63483
63581
62720
63431
63631
63444
62592
63736
62492
61834
63486
62453
63817
61705
62557
63491
62577
61770
63810
62659
62672
61885
62901
62842
62772
61782
62784
62804
63025
61956
62856
63849
63038
62878
63748
63811
63612
63922
63775
62023
63904
63525
61966
62039
62565
62999
62976
63528
61921
62114
62762
61883
62843
62906
63006
61967
63798
63108
62059
62676
63630
62091
62677
62668
63090
63981
61919
63060
62870
63732
64033
63674
61932
63033
62713
63045
62950
61969
62961
63944
63915
63811
62923
63103
62852
63015
63753
63815
64138
62826
62210
62099
63842
63874
63181
62142
64015
62920
62224
63133
62873
62186
62207
62328
63026
62178
63037
62976
62967
61466
62225
61502
62251
62231
62071
62243
61281
61373
61393
62284
61243
61566
61487
62242
62133
62233
61282
61474
62104
61556
61274
62185
62145
62166
62206
61346
62117
61386
61327
61428
61550
62320
61368
61471
61319
62331
61523
62201
61584
62183
62222
61395
62246
61519
61276
61478
61458
61591
61469
61319
62180
62311
61359
61512
61380
62152
61432
62642
62613
62873
62886
62777
62870
62621
63533
63634
62769
62822
62855
63584
62879
62752
63680
63664
63635
63680
62973
62954
62757
62628
62637
62692
63004
62954
62999
62738
62722
63561
62884
63647
63030
62699
63056
63664
63614
63644
63590
63005
63631
62754
62868
62739
62980
62820
62936
63704
62886
63087
62861
62913
62701
62842
63635
63079
62808
72407
72952
71985
72128
72432
72414
71956
72131
72350
72347
72010
72289
72144
73015
73026
72405
72286
72297
72202
72464
72347
72122
72299
72266
72282
72184
72452
72267
72034
72175
72115
72408
72090
73132
73064
72155
73116
72505
72467
72088
72209
72358
72324
72539
73151
72262
72399
72112
72221
72324
72451
72263
72542
72174
72195
73125
72474
72488
79898
79603
79877
79545
79569
79711
79804
79661
79850
79772
79692
79517
79972
79738
79870
79715
79757
79961
79516
79623
79594
79574
79553
79815
80010
79845
79910
79900
79836
79747
79787
79952
79941
79878
79580
79672
79651
79997
79697
79878
79729
79809
80024
79720
79638
79568
80045
79834
79989
79695
18502
18546
18802
18525
18578
18616
18586
18802
18897
18780
18966
18702
18984
19065
18938
18797
19041
18857
18978
19050
18891
19134
18691
18813
18672
18724
18768
18759
18972
19044
18823
18155
18685
19130
18149
19139
18181
18142
18155
18797
19014
18857
18940
18794
18192
19243
18250
19090
18804
19007
19067
19112
19033
19179
19049
18788
19385
18442
17511
18148
17555
19188
18219
17495
18510
18642
19315
17699
19402
19461
18777
18329
18421
19717
18783
19612
18646
18768
18583
18696
18635
17722
17611
19643
19700
18540
19402
19622
19479
18600
19501
19622
18781
18636
18414
18576
18455
19658
18476
17827
19497
18576
17809
18547
18750
18899
17829
19851
17742
18664
18553
17796
19579
18024
18955
19594
18935
19006
19785
18624
19746
19727
19797
19929
19940
19689
18869
19780
19791
18669
18064
19642
18811
19694
19974
18855
19614
19765
19916
18614
19806
18786
18080
19700
17889
18071
19002
19972
18912
17982
18853
19025
19955
18845
18058
17990
19662
18780
19973
17953
19654
18067
18673
19676
19006
19017
18677
17957
19170
18818
18061
18829
19953
18014
18902
18324
18349
19048
19212
19119
18476
18358
18367
19233
19071
19334
18338
18579
19365
19446
18619
18684
18666
19447
19441
18657
18599
19421
18509
18745
19467
18547
18611
18584
18668
18863
19432
19412
18600
19624
19658
19651
18734
19525
18782
18929
18721
18842
19557
19532
19516
18993
18753
18916
18729
19724
18799
18982
19706
19610
19822
18955
20461
20657
20410
21712
21662
20974
21598
20824
20753
21331
20893
20994
21250
20802
22048
22019
21242
21907
21286
22062
21264
21013
21285
20953
21105
21891
21066
21216
21984
21177
21166
20850
21964
21209
21004
21136
21924
21100
22055
21203
22040
22146
21230
22172
22028
22210
21377
21157
21194
21617
22220
21566
21484
21272
21414
21620
21619
21663
20782
21849
20970
22260
22010
22735
21406
22225
23297
21686
21621
22591
22002
21445
23560
22173
21057
21059
21234
20999
23565
23451
21130
23819
22073
23727
23723
22515
22604
21330
21358
10961
22412
22018
21859
23518
23480
23811
21551
21511
22234
24108
24071
22629
22894
21695
21617
23932
24150
24241
22635
21906
21789
21824
23149
24405
23915
24312
22005
23011
23212
23312
22969
22311
23130
22334
23439
22599
23618
22399
23700
23830
22883
23867
21705
21707
24026
21775
24018
24062
23930
23341
24077
23010
23866
21293
24130
24096
23030
24110
24104
23454
23097
21950
14017
24174
21998
23312
24290
24162
22184
24424
24603
23480
24600
24522
24637
23651
24639
23931
23936
22674
24583
24529
22683
24415
15547
16592
16116
22070
15536
15572
15554
23196
15596
16612
22126
15598
16052
16366
15638
16063
15645
16107
16097
16569
16163
16167
16112
23130
16176
16141
16136
16139
16142
21377
16618
16210
16196
16203
16197
16189
16226
17376
22745
16212
16225
16227
22746
16223
21699
16246
16291
16282
16276
16286
16717
16735
16292
16286
16329
16285
16328
16341
27192
27243
27227
27203
27283
27313
27263
27221
27249
27282
27240
27346
27288
27317
27265
27240
27282
27279
27253
27259
27359
27354
27280
27295
27369
27337
27367
27331
27378
27416
27309
27380
27393
27343
27368
27311
27345
27373
27320
27365
27400
27419
27402
27471
27432
27376
27452
27423
27480
27486
27445
27516
27512
27431
27494
27489
27448
27483
35226
35284
35287
35308
35265
35275
35339
35367
35315
35275
35373
35260
35315
35368
35259
35274
35364
35402
35404
35398
35403
35315
35397
35380
35371
35388
35399
35329
35363
35437
35458
35467
35473
35421
35481
35411
35471
35407
35471
35429
35429
35483
35447
35404
35425
35392
35497
35410
35470
35522
35497
35549
35535
35466
35543
35455
35530
35547
36124
36164
36168
36191
36229
36233
36251
36151
36232
36211
36137
36233
36265
36294
36226
36257
36156
36256
36311
36348
36244
36259
36260
36200
36364
36325
36285
36244
36382
36243
36313
36319
36358
36374
36397
36347
36229
36395
36286
36377
36246
36334
36432
36309
36441
36342
36328
36387
36405
36377
36358
36459
36321
36424
36325
36363
36444
36480
36190
35931
36069
36069
36297
36258
36854
36298
36324
36174
36197
36068
36192
36841
36300
36050
36154
36400
36150
36430
36018
36245
36046
36888
36215
36128
36913
36410
36178
36312
36326
36299
36417
36965
36349
36476
36961
36151
36192
36141
36388
36188
36589
36162
37086
37070
37061
36355
36297
37080
36170
36267
36382
36527
36653
37121
36604
37061
37545
37971
38547
37507
37965
37867
37424
37284
38022
38045
37431
37648
37608
37632
37443
38128
38053
37767
37485
37599
38007
37208
37558
37726
37601
37278
37702
38317
38299
37713
37637
37746
38318
37784
38133
39004
37741
37480
38271
37833
38366
38389
38424
38420
37904
38270
38536
38488
38376
38025
38146
38349
37981
38452
37568
37889
39076
39070
40973
40958
41058
41133
41114
41217
40948
44461
45140
45821
45493
45514
46003
46014
45263
45916
46212
46072
46082
45919
46123
46554
46637
45914
46708
46457
46719
46569
46529
45858
45818
46703
46602
45880
46634
46785
45852
46807
46676
45914
45918
46540
46520
46928
46552
46889
46875
45942
46665
46717
46503
46828
46797
45955
45907
46547
46507
46761
44724
44757
44014
45008
44879
46003
44873
45872
43999
45074
44683
44949
46003
45975
43948
44920
44975
44049
45135
44775
45012
46026
44159
44899
44782
45787
45119
45053
44784
44139
45958
44944
45741
44941
45807
43980
44921
46103
45107
45069
45792
45245
45914
45878
45991
45038
44798
44099
46020
44906
46157
45377
44380
45955
45024
44319
46087
45365
45358
44241
44922
45939
44422
45112
46062
44341
46090
44293
45368
46176
44223
44416
46301
45252
45366
46164
45352
45132
44319
46199
44416
44238
46258
44376
46321
44283
45084
45311
46098
46317
45435
44337
45208
45524
46261
46097
46175
44423
46243
45093
46395
44385
46173
44556
44433
45466
46128
45188
44379
44611
45214
45355
45289
46173
45341
46452
44940
44914
44636
45681
44866
44920
45631
44907
45589
44927
45640
44866
45553
44827
44879
45625
45003
45575
44931
45029
45759
44744
44938
44904
45069
45772
45709
44996
44860
44854
44835
44800
45692
44779
45671
45845
45039
44851
44904
45804
44951
45730
45793
45776
44950
45683
45699
44974
45747
44839
45037
45879
44914
45879
45036
44959
44853
45230
47235
46622
47323
46354
46641
46522
46729
46572
46455
46488
47280
47254
47346
47330
47383
46740
46541
46637
46649
46706
46719
46599
47432
47356
46762
46403
46466
47391
47423
46396
46471
46444
46439
46815
46555
46619
46482
47355
47387
46856
46812
46536
46814
46770
46688
47439
46739
46471
46494
46594
46772
46819
46765
46641
46722
46715
46669
46703
57514
57284
57602
57413
57626
60931
61057
60966
61880
60986
61181
61063
60936
61160
61364
61270
61944
61350
61323
61038
61073
61135
61060
61104
60948
60944
61179
61978
60986
61362
61965
61421
61020
61265
61412
61337
61351
61264
61068
61323
61268
61479
61436
60599
62140
61487
62178
61152
61617
60630
61383
61436
61219
61312
61592
61655
61321
61404
61112
60431
60962
61276
61423
61401
61391
61016
61352
61418
61234
61292
61454
61233
60466
61077
61152
61113
60505
61439
61372
61434
60547
61218
61140
61294
61438
61536
61548
61410
61332
61295
61148
60492
61396
61147
61381
61345
61249
61306
61212
61468
61572
61266
61290
60553
61160
61255
61424
60625
61301
61213
61548
61480
60613
60667
60642
61387
60815
61809
61651
60873
61806
61509
60803
61788
61853
61719
61872
60937
61674
60855
60999
61803
60955
61754
61694
61836
61554
61798
61587
61612
61767
61595
61768
60957
61602
61753
61743
61696
61942
61083
61076
61716
61880
61892
61945
61745
61740
60951
60984
61057
61031
61023
61859
61710
61108
61730
61967
61799
61163
61754
62069
61080
62045
61940
63156
62440
63051
63275
62330
63200
62485
62407
62308
62352
63132
63125
63267
62281
63352
63264
63256
62420
63191
62345
62447
62500
62514
62545
62398
63307
63340
63100
63396
63208
63240
63373
63334
63365
62350
62493
63203
63264
63108
62521
62455
62468
63187
62523
62623
63326
62399
63186
63251
63433
62436
62608
62481
62633
63195
63169
63342
63225
65609
65602
64686
64660
65431
65543
64896
65577
64912
65612
64647
64730
64621
64804
64896
64678
65531
64781
65600
65483
65528
64850
65692
64904
65476
64939
64792
65612
64686
64897
64710
64743
64776
65525
65667
64803
64665
65597
65000
64853
64936
65557
65590
64926
64697
65629
64862
64905
64889
64801
65783
65598
64990
64742
64945
65767
65719
65670
66353
66446
66135
66491
66434
67033
67045
66080
66272
66095
66368
67068
67101
66235
66508
66259
66453
67054
66157
66350
66482
67184
66367
66429
67052
67152
66395
66148
66309
67071
66222
67134
66169
66481
66262
66353
66186
66277
66480
66473
66384
66266
66418
67153
66384
66468
67218
66245
66372
66342
67214
66327
67198
66277
66573
67265
66584
67247
72115
72470
73010
72366
72510
72237
72367
72360
72033
72543
72135
72306
72531
72040
73085
72191
72099
72086
72377
72347
72456
72159
73086
72549
72409
73127
72391
72282
72200
72550
72241
72346
72538
72468
72504
72516
72537
72267
72494
72392
72135
72358
72573
72162
72254
72189
72210
72342
73158
72322
72313
73199
73211
72222
73227
72453
72345
72577
82381
81901
82134
82146
82189
82050
81966
82358
82289
82279
81999
82178
81928
82085
82148
82179
82280
81960
82341
82312
82033
82403
82264
82033
82436
82094
82114
82285
82416
82402
82135
81974
82225
81995
82348
82086
82387
82267
82067
82034
82385
82366
82296
82266
82166
82026
82258
82178
82160
82091