TimeOverhead
4782
3784
4601
12023
14025
11270
10288
5909
6916
15528
7696
2114
3110
4176
3179
3759
4764
2768
4325
5333
5756
4760
2765
3767
5314
4322
2758
3765
4773
5775
4704
3708
3138
4141
5149
5690
4694
3695
6717
7729
8733
12629
8033
7034
13633
5954
8973
4089
5386
4390
3390
4951
5955
3958
3373
4377
5378
5944
3948
4949
19309
11423
18044
10437
9790
16302
8694
7704
6704
7095
8100
2511
4907
3919
3507
4512
5513
3750
5753
4755
4496
5501
3503
6071
4082
5084
2492
4506
3511
5517
4435
5437
13047
11052
12053
10510
9324
17037
6347
7348
9349
8350
7115
8120
2618
1622
624
5254
3259
4262
5978
3985
4988
3272
4277
5285
5868
3878
4886
5241
4398
5407
4797
3802
5804
2803
5416
4422
4791
5792
3793
2795
4610
3613
5316
6317
4319
3224
5232
4234
4820
3825
5828
3222
4232
5234
5936
3940
4948
5213