TimeOverhead
4215
4281
4206
4280
4278
4328
4322
4300
4339
4348
4891
4858
5840
5923
4885
4908
5873
3923
5913
4853
4915
4864
3957
5868
5909
5889
4910
5941
4961
5922
4892
5956
8263
10250
11244
11227
11269
8257
9245
9276
9211
8258
9303
8239
10221
8291
8211
9268
11282
10312
10258
11243
9292
10283
9303
10271
8253
9266
10265
9277
11270
10350
8296
9341
11323
8268
11283
10312
10344
8299
9985
3440
10031
4456
4468
3465
4401
4392
10076
9029
10079
4460
9051
10031
4452
9043
9075
9017
9107
3478
10027
10058
10018
9090
10070
4461
9043
3454
3526
4507
3466
3488
10107
9058
9119
3448
4435
4466
3438
3480
5280
3351
3314
3405
4357
4387
4348
4337
3338
3414
5445
3405
4365
3355
5427
5417
4437
5358
3367
5398
4358
4409
3398
3439
4420
5389
5381
5446
5377
4457
2979
4036
3968
3981
4032
3061
4001
3013
3033
3053
4040
4092
5072
4053
5053
4034
5025
3096
5006
5070
4111
5041
3073
5123
5092
5114
5064
3096
5268
9284
8276
8288
6231
8242
10278
10251
7272
7261
9251
7302
8301
5278
6301
6250
6261
10329
6287
8276
5339
6340
8308
7288
10290
5310
9290
8276
7322
10324
9323
6273
9343
11285
9335
10285
5335
8350
7301
10314
9303
9293
6345
7315
9376
11298
10388
8260
8299
10369
7389
6389
6380
7401
10312
5381
7311
9352
3296
4383
4325
5368
2351
3386
2369
4394
4421
5342
3350
6380
6361
6399
3401
3442
4426
4398
6437
3399
5405
6386
3407
4438
2417
5479
6398
6469
2430
4412
5492
2412
5482
6444
5444
2425
5464
2502
3474
4445
6525
2525
7466
2516
7434
5438
3519
5479
2499
7465
7453
4486
3507
6527
4002
4032
3964
4007
4031
3071
4062
3043
4001
3072
3064
4023
4014
4085
6236
6224
6253
6274
6294
6285
4335
5405
5325
4347
4407
4367
4329
4398
5357
5334
5345
5385
5348
5399
6345
6426
7425
6437
7449
6467
11177
11229
12364
11576
12557
11517
12548
12538
10489
10560
12580
12500
12531
12510
10502
11513
11553
10513
11550
11540
10601
12621
11585
10600
12552
10644
10635
10587
11626
10616
9689
8306
7300
7342
9088
7326
6292
9249
9367
17974
6387
7370
9289
9197
9394
6390
7361
9100
9348
6301
9166
9414
8280
9373
7422
10032
18037
9403
11107
7341
9401
8433
8397
6400
11974
7378
9429
9451
7364
9151
9348
6432
8388
8369
6420
15742
9466
9309
15255
6398
9486
8378
9360
9223
8432
8482
6425
8422
7493
10873
9958
12951
10933
10967
12941
14953
9925
12959
13961
14896
14962
14923
13955
14953
10995
12948
10987
9993
10964
9984
9976
12925
14024
12975
12025
10984
15026
12003
14003
13941
13973
10023
9974
11953
10954
13046
12006
13996
13008
14985
10990
12980
14051
12001
15020
15052
11992
12054
11002
13999
14988
13001
11990
12020
13990
15977
12053
9583
9607
3958
8571
9604
4047
9559
4069
10601
11663
9593
10618
4060
8681
11662
4112
8632
11673
10673
8693
10684
11742
9753
10733
10704
8704
10694
3144
10745
11664
9746
8757
8687
8747
4096
8718
3177
4177
9699
3138
4129
11680
12711
12702
11783
9733
11713
11754
4163
12695
9715
3185
3196
10787
11727
4147
10718
8708
5644
6676
5659
4730
5723
4714
5698
6670
4671
4702
4666
4698
4738
5725
4694
4725
5696
5757
4773
5775
5745
6687
6726
5717
6707
5850
4016
3947
4990
3001
3990
4971
6038
2966
2999
6058
5049
5069
3019
5041
5073
5022
4083
3063
4034
6035
4995
4027
5945
3016
3067
3099
6059
6099
5060
5996
4020
5031
3031
3091
4093
6078
4079
6034
4069
4718
4653
4684
4744
4755
4706
4677
4717
4727
4697
3392
3650
3574
3655
3674
3544
3469
3580
3556
3395
3498
3620
3391
3359
3438
3630
3371
5877
2885
4944
3979
2927
2874
3903
4973
5883
3942
3974
2991
5982
2863
2884
2882
3013
2971
5941
6673
3968
6689
3989
4959
6687
5033
6003
5998
6010
4970
5002
6053
4022
2977
4043
5044
6044
4993
3983
6010
3981
4982
5034
4630
4650
4562
4597
3609
4634
3602
4597
3630
3660
3640
3590
4575
4640
3587
4630
4597
3677
3608
3658
3856
3930
5907
3900
5892
5875
5845
4914
4892
4903
4934
4955
3924
3974
5856
5978
5957
3945
4958
4988
3907
4899
3917
4933
3984
5896
5916
3965
4986
5887
4540
3589
3584
4626
4572
3634
5560
5622
3630
3589
4630
5591
3609
4631
4612
3651
3572
5665
5625
5636
4597
4588
5677
3608
5587
4673
4644
5652
3603
5613
8564
4628
9643
9658
9588
6583
9649
7611
7666
5669
8660
8626
4680
5623
8694
9614
9715
7637
5671
9682
5657
6689
7669
4684
8737
7688
9670
6745
8697
5711
6704
6745
8739
6681
8683
7674
8725
5762
6712
4702
4777
7778
5688
6760
5785
6755
9723
7744
8732
9743
5735
4756
7786
7817
4841
6782
4791
5823
13934
12904
13898
12961
14934
11994
13928
13921
12911
12943
10953
11946
14941
15013
9983
9974
15940
11989
12953
10982
13034
10962
14016
10956
11998
11019
11969
9996
13008
14000
14051
12999
10962
11964
12047
14980
11026
10051
10063
13067
14036
15036
15027
11090
14032
11029
12072
12041
11081
15086
15006
16006
10108
13092
15083
12031
14105
15094
6025
11579
11673
11636
5981
6014
5035
12595
11639
11681
5033
10676
12617
5058
4990
5999
5030
11689
11649
6053
5025
10633
12645
10627
10669
10649
5094
6046
6041
6111
10724
12676
11655
11705
10695
10737
5039
5074
10683
5125
6097
6107
10714
11674
4468
11001
10984
4448
5432
11031
3434
5495
4457
3528
4468
4449
6439
3520
6470
3501
6532
11040
11090
3473
5453
4454
6520
5520
11098
6491
6512
5482
5532
11121
4543
6544
3487
5568
11145
4579
3560
11158
11108
3530
4541
6502
6552
6582
4553
3559
5529
5589
3530
5540
5960
3893
4946
3959
5933
5946
3988
3940
5933
3927
4906
5980
3913
4995
4965
5917
3947
4010
3980
5993
4971
6023
4942
5954
3994
5015
5036
4975
4966
5958
4436
4401
4433
4476
3418
5492
4442
5454
4536
3444
5506
4518
4449
5540
3540
3511
4498
5467
3477
5518
3500
5489
3551
3541
5542
3521
5520
5512
4543
3523
5172
4164
5098
5153
4181
4195
3119
4183
5138
4164
3166
4167
5130
5171
3180
3189
3213
3234
5197
4205
5137
5222
3175
3226
4175
4165
4157
3247
5179
3160
13762
14819
12730
12773
10777
14814
14828
12822
12976
9966
9907
11032
11043
14045
15007
14039
15039
12020
14028
15141
10161
11119
12171
15113
15103
11182
12124
10104
14196
14186
12166
13186
14128
12107
13176
12205
14139
13243
15296
11324
10284
12326
10325
12244
14238
11235
12275
12287
13287
11286
13309
14279
15272
11271
13267
10259
10291
10284
10406
11546
11377
11230
9295
9216
8193
7232
9276
7331
7264
9305
9347
7310
9346
7325
9360
8221
8276
8293
8337
17897
7304
7374
9352
9264
10650
9333
8384
7336
8280
17680
8250
7340
8386
9411
7382
8380
9383
9388
9349
9402
9146
8228
3539
8193
8165
3586
3656
3638
8227
3547
3589
8194
9245
3630
9152
9165
3670
8221
9220
3601
9241
9282
8250
8291
9148
8311
9311
3581
8283
9150
4025
5104
4045
3078
5121
4112
5075
5058
3130
3120
3116
4137
4107
5048
5105
5116
5086
5126
3066
4126
4106
3092
3123
4103
3084
3064
4094
4063
5076
3106
3088
3066
3064
3045
3089
4071
2042
5115
3108
2130
4062
4104
5136
5097
2079
2051
4067
2118
4139
3092
2134
3064
5124
5093
2155
4105
2124
3085
5126
3178
5118
5159
5088
2129
4140
2110
5108
4169
4100
4191
3690
3683
3704
3719
3742
3732
3766
3674
3687
3760
4008
6051
4053
6086
6098
6080
3081
4114
5036
3068
4093
5062
6049
6059
5091
6132
3121
5133
6103
3134
6084
5115
4143
5144
4093
5114
3095
5074
5096
3076
4158
3099
4120
3140
6092
5182
4142
3182
3122
4104
4749
3762
4714
3736
4740
3721
4704
4755
3699
4779
4691
3725
4745
3716
3696
3780
4730
3751
3771
4711
8772
8761
9753
8706
8738
5790
7752
5770
5761
9767
7808
4813
5765
6811
8782
6771
4775
9767
6746
9762
4792
7813
9846
7777
5848
6770
5783
4822
9834
5839
5779
7780
8851
5776
7827
7777
9838
6818
7875
9866
6877
4876
5850
6881
4851
9833
8873
4873
6823
8861
7842
8832
6862
4832
6873
8824
9815
7885
11803
12872
10845
13838
13870
14813
8904
13836
11909
9849
10853
10885
13899
13910
12863
11833
13890
10930
12851
11907
9908
12869
13855
12855
8896
13867
10862
9862
11903
8945
9919
12912
9891
10894
10960
12941
12931
10951
13973
10901
12972
9983
13933
11912
9974
11972
14914
8955
8975
12996
9945
11995
8977
10966
11966
9986
11946
9932
10244
8210
9202
10166
10178
9239
3446
3499
9195
10257
10220
3538
11185
3451
10249
9248
3540
8215
10245
11227
9280
9211
8202
3508
8278
3504
10281
8250
11238
8247
10248
8297
8308
9318
3514
11241
9228
10250
8290
8240
9284
3551
3571
9266
12522
13583
12558
13550
11579
12601
11620
12685
13719
13715
13777
13713
13752
11723
11808
11919
12970
11970
12882
13932
12913
13943
11934
11944
11925
12996
11936
12958
14009
12989